2013-05-08 23:57:19,David Hunter,ooksoo,6138,6040,0.0,6100,6075,-38,35
2013-05-09 00:14:14,Andrew Iannaccone,SM.SM,6865,5840,0.0,6819,5897,-46,57
2013-05-09 00:42:15,Andrew Iannaccone,SM.SM,6775,5951,1.0,6799,5925,24,-26
2013-05-09 01:08:12,Andrew Iannaccone,SM.SM,6755,5978,0.0,6713,6029,-42,51
2013-05-09 01:09:25,Dumbassador,Dunduks,6265,5732,0.0,6216,5781,-49,49
2013-05-09 01:15:58,Dumbassador,Dunduks,6216,5781,0.0,6168,5829,-48,48
2013-05-09 02:04:12,Andrew Iannaccone,SM.SM,6658,6100,0.5,6650,6115,-8,15
2013-05-09 02:21:09,Andrew Iannaccone,SM.SM,6650,6115,0.0,6613,6160,-37,45
2013-05-09 02:55:24,Andrew Iannaccone,SM.SM,6640,6131,0.0,6603,6175,-37,44
2013-05-09 03:04:57,Andrew Iannaccone,SheCantSayNo,6584,6250,0.0,6546,6289,-38,39
2013-05-09 03:37:32,Andrew Iannaccone,SheCantSayNo,6578,6260,0.0,6541,6298,-37,38
2013-05-09 03:50:29,Andrew Iannaccone,SheCantSayNo,6541,6298,0.0,6505,6335,-36,37
2013-05-09 03:59:00,Andrew Iannaccone,SheCantSayNo,6505,6335,1.0,6537,6306,32,-29
2013-05-09 05:24:20,kenyou2859,sangatsu,6617,5890,1.0,6658,5865,41,-25
2013-05-09 06:14:26,sangatsu,SheCantSayNo,5820,6307,0.0,5791,6334,-29,27
2013-05-09 06:20:06,sangatsu,SheCantSayNo,5791,6334,1.0,5838,6297,47,-37
2013-05-09 06:42:11,Dumbassador,SheCantSayNo,6248,6246,1.0,6293,6216,45,-30
2013-05-09 07:03:52,LESPEUTERE,SheCantSayNo,6267,6216,0.0,6228,6250,-39,34
2013-05-09 07:35:20,LESPEUTERE,SheCantSayNo,6269,6219,1.0,6308,6189,39,-30
2013-05-09 07:45:19,bryanldoughty,ooksoo,6004,6006,0.0,5945,6043,-59,37
2013-05-09 07:46:01,Dunduks,Fabian,5775,6532,0.0,5749,6566,-26,34
2013-05-09 08:40:07,Dunduks,Fabian,5724,6661,1.0,5733,6603,9,-58
2013-05-09 11:11:22,Perry Green,pseudonym214,5987,5732,0.0,5947,5777,-40,45
2013-05-09 13:07:16,Lagrangian,ooksoo,5833,6049,1.0,5890,6016,57,-33
2013-05-09 13:50:05,Boodaloo,RTT,6664,5917,1.0,6697,5889,33,-28
2013-05-09 13:55:25,RTT,scott pilgrim,5889,5707,0.0,5850,5782,-39,75
2013-05-09 14:00:17,RTT,scott pilgrim,5850,5782,1.0,5895,5723,45,-59
2013-05-09 14:02:29,David Hunter,SheCantSayNo,6071,6270,0.0,6036,6300,-35,30
2013-05-09 14:14:56,David Hunter,SheCantSayNo,6036,6300,0.0,6002,6329,-34,29
2013-05-09 18:12:11,Andrew Iannaccone,Jonathan Shepherd,6515,6259,0.0,6481,6306,-34,47
2013-05-09 19:38:20,hiroki,Jeebus,5770,6396,1.0,5845,6317,75,-79
2013-05-09 20:05:50,Jeebus,scott pilgrim,6317,6060,1.0,6383,6021,66,-39
2013-05-09 21:38:58,flyingkuyt,hiroki,6198,5952,1.0,6232,5909,34,-43
2013-05-09 21:48:13,flyingkuyt,hiroki,6232,5909,1.0,6265,5868,33,-41
2013-05-09 22:11:25,flyingkuyt,hiroki,6219,5923,1.0,6252,5883,33,-40
2013-05-09 22:13:03,Perry Green,SM.SM,6039,6134,0.0,6004,6170,-35,36
2013-05-09 22:20:47,Andrew Iannaccone,hiroki,6530,5883,1.0,6556,5848,26,-35
2013-05-09 22:22:34,flyingkuyt,jaybeez,6252,5836,1.0,6285,5776,33,-60
2013-05-09 22:52:08,Andrew Iannaccone,flyingkuyt,6522,6323,1.0,6552,6293,30,-30
2013-05-09 23:02:32,Andrew Iannaccone,flyingkuyt,6552,6293,1.0,6582,6263,30,-30
2013-05-09 23:12:46,Andrew Iannaccone,flyingkuyt,6582,6263,1.0,6610,6234,28,-29
2013-05-09 23:51:02,Andrew Iannaccone,bryanldoughty,6636,6043,1.0,6663,5998,27,-45
2013-05-09 23:52:11,Andrew Iannaccone,bryanldoughty,6663,5998,1.0,6689,5956,26,-42
2013-05-10 00:03:49,Andrew Iannaccone,bryanldoughty,6689,5956,0.0,6652,6033,-37,77
2013-05-10 00:18:11,Andrew Iannaccone,bryanldoughty,6652,6033,1.0,6678,5991,26,-42
2013-05-10 03:25:25,Hampus Eriksson.0000,LESPEUTERE,5702,6387,1.0,5740,6339,38,-48
2013-05-10 03:33:53,flyingkuyt,Hampus Eriksson.0000,6116,5740,1.0,6149,5692,33,-48
2013-05-10 07:00:41,dudeabides,florrat,5750,6055,1.0,5797,5981,47,-74
2013-05-10 07:16:02,dudeabides,florrat,5843,5912,1.0,5886,5847,43,-65
2013-05-10 07:36:28,nidzela,SheCantSayNo,5812,6299,0.0,5783,6326,-29,27
2013-05-10 07:42:21,dudeabides,SheCantSayNo,5918,6326,1.0,5962,6290,44,-36
2013-05-10 07:53:12,dudeabides,SheCantSayNo,5962,6290,1.0,6005,6256,43,-34
2013-05-10 08:04:15,Boodaloo,nnn,6777,5706,0.0,6719,5756,-58,50
2013-05-10 08:05:06,dudeabides,SheCantSayNo,6005,6256,1.0,6047,6222,42,-34
2013-05-10 08:11:29,dudeabides,SheCantSayNo,6047,6222,0.0,6014,6253,-33,31
2013-05-10 08:21:51,dudeabides,SheCantSayNo,6014,6253,0.0,5982,6282,-32,29
2013-05-10 09:03:21,Boodaloo,SheCantSayNo,6795,6284,1.0,6829,6260,34,-24
2013-05-10 09:20:41,florrat,Lotoreo,5957,5800,0.0,5900,5848,-57,48
2013-05-10 09:25:02,kenyou2859,SheCantSayNo,6675,6279,0.0,6613,6318,-62,39
2013-05-10 09:40:10,Masschy,ooksoo,6099,5839,0.0,6052,5877,-47,38
2013-05-10 09:45:14,florrat,Lotoreo,6015,5779,1.0,6068,5747,53,-32
2013-05-10 09:53:17,florrat,Lotoreo,6068,5747,1.0,6119,5716,51,-31
2013-05-10 10:13:21,LESPEUTERE,TuFF_GonG,6372,5808,0.0,6327,5859,-45,51
2013-05-10 10:29:46,Fabian,kilgoretrout103,6519,6218,1.0,6560,6186,41,-32
2013-05-10 10:52:10,Boodaloo,Masschy,6829,6076,1.0,6861,6047,32,-29
2013-05-10 11:42:50,Boodaloo,Masschy,6834,6091,1.0,6865,6063,31,-28
2013-05-10 12:17:02,Johannes Dorn,Jonathan Shepherd,5704,6329,1.0,5712,6278,8,-51
2013-05-10 12:31:05,Boodaloo,Jonathan Shepherd,6962,6248,1.0,6993,6218,31,-30
2013-05-10 12:52:22,Boodaloo,flyingkuyt,6993,6078,1.0,7020,6056,27,-22
2013-05-10 12:59:41,Jonathan Shepherd,majormajor,6240,5775,0.0,6193,5817,-47,42
2013-05-10 13:00:56,flyingkuyt,Lagrangian,6056,5866,0.0,6024,5926,-32,60
2013-05-10 14:31:06,Andrew Iannaccone,nidzela,6585,5729,0.0,6542,5779,-43,50
2013-05-10 15:13:34,Andrew Iannaccone,nidzela,6566,5754,1.0,6590,5730,24,-24
2013-05-10 15:23:38,Andrew Iannaccone,nidzela,6590,5730,0.0,6547,5779,-43,49
2013-05-10 15:46:18,Graham Ward,TrickStaR,5782,6300,0.0,5743,6340,-39,40
2013-05-10 16:22:27,Andrew Iannaccone,nidzela,6530,5800,1.0,6555,5776,25,-24
2013-05-10 16:59:08,Boodaloo,TrickStaR,7030,6392,0.0,6986,6449,-44,57
2013-05-10 17:21:26,Boodaloo,flyingkuyt,7018,6088,0.0,6968,6135,-50,47
2013-05-10 17:36:10,Boodaloo,noon,6916,5911,1.0,6941,5887,25,-24
2013-05-10 17:44:06,David Hunter,nidzela,5978,5793,1.0,6016,5764,38,-29
2013-05-10 17:44:38,noon,ooksoo,5887,5997,0.0,5852,6030,-35,33
2013-05-10 18:11:14,Andrew Iannaccone,Boodaloo,6496,6973,0.0,6470,7003,-26,30
2013-05-10 18:13:11,Jonathan Shepherd,scott pilgrim,6260,5947,0.0,6219,6003,-41,56
2013-05-10 18:37:33,David Hunter,HeeeHaaaw,6016,5969,1.0,6057,5928,41,-41
2013-05-10 19:26:17,Andrew Iannaccone,harrisreynolds,6431,5710,0.0,6394,5709,-37,-1
2013-05-10 20:58:22,Boodaloo,kilgoretrout103,7003,6087,1.0,7028,6063,25,-24
2013-05-10 22:59:03,Andrew Iannaccone,sangatsu,6370,5791,1.0,6395,5765,25,-26
2013-05-11 03:15:05,Fabian,kenyou2859,6417,6685,1.0,6471,6628,54,-57
2013-05-13 09:05:08,flyingkuyt,majormajor,6159,5969,1.0,6189,5938,30,-31
2013-05-13 09:21:27,kenyou2859,Pex Golder,6646,5834,0.0,6592,5865,-54,31
2013-05-13 10:42:33,SheCantSayNo,TrickStaR,6008,6556,0.0,5985,6592,-23,36
2013-05-13 10:51:11,martlet,SheCantSayNo,5659,5985,1.0,5699,5951,40,-34
2013-05-13 10:58:54,dudeabides,SheCantSayNo,5994,5951,0.0,5957,5984,-37,33
2013-05-13 11:08:54,Chris Martin,flyingkuyt,5753,6081,0.0,5693,6112,-60,31
2013-05-13 12:33:16,flyingkuyt,Johannes Dorn,6187,5807,1.0,6214,5776,27,-31
2013-05-13 13:04:45,Johannes Dorn,jsh357,5765,6369,0.0,5740,6417,-25,48
2013-05-13 13:15:35,Ixius,jsh357,6225,6417,1.0,6363,6369,138,-48
2013-05-13 13:16:53,flyingkuyt,Lagrangian,6181,5961,1.0,6211,5916,30,-45
2013-05-13 13:59:18,jsh357,scott pilgrim,6369,5757,1.0,6418,5722,49,-35
2013-05-13 14:12:10,scott pilgrim,Troninho,5722,6158,1.0,5785,6111,63,-47
2013-05-13 15:25:14,andwilk,Fabian,5977,6270,1.0,6050,6224,73,-46
2013-05-13 17:28:15,Andrew Iannaccone,majormajor,6480,5928,1.0,6507,5902,27,-26
2013-05-13 17:30:01,Peter Hartman,Teenage Raistlin,5667,5814,1.0,5682,5705,15,-109
2013-05-13 19:05:26,David Hunter,Robz888,6292,6083,0.0,6255,6133,-37,50
2013-05-13 20:22:55,kilgoretrout103,Stealth Tomato,5798,6810,1.0,5848,6756,50,-54
2013-05-13 20:28:44,A Drowned Kernel,toaster,6356,5691,0.0,6298,5750,-58,59
2013-05-13 20:34:56,David Hunter,kilgoretrout103,6273,5848,1.0,6305,5821,32,-27
2013-05-13 21:27:05,Eevee,Robz888,5861,6181,1.0,5970,6141,109,-40
2013-05-13 21:54:07,flyingkuyt,sangatsu,6246,5853,0.0,6212,5896,-34,43
2013-05-13 22:15:07,ooksoo,toaster,6203,5824,0.0,6167,5873,-36,49
2013-05-13 23:34:28,flyingkuyt,mpc,6173,6730,1.0,6218,6570,45,-160
2013-05-13 23:58:49,RTT,SheCantSayNo,5949,6015,1.0,5992,5985,43,-30
2013-05-14 00:36:26,Andrew Iannaccone,hiroki,6530,5835,0.0,6491,5900,-39,65
2013-05-14 00:55:30,flyingkuyt,hiroki,6232,5939,1.0,6260,5898,28,-41
2013-05-14 01:08:48,flyingkuyt,hiroki,6260,5847,1.0,6288,5809,28,-38
2013-05-14 01:56:07,LESPEUTERE,SheCantSayNo,6672,5982,1.0,6698,5959,26,-23
2013-05-14 02:05:34,LESPEUTERE,SheCantSayNo,6698,5959,0.0,6655,6000,-43,41
2013-05-14 02:18:20,LESPEUTERE,SheCantSayNo,6655,6000,0.0,6612,6040,-43,40
2013-05-14 02:19:51,Lekkit,Sean Soria.0000,5703,5766,1.0,5684,5729,-19,-37
2013-05-14 02:37:07,LESPEUTERE,Sean Soria.0000,6571,5769,1.0,6596,5742,25,-27
2013-05-14 03:14:14,martlet,Perna,5678,5930,1.0,5667,5884,-11,-46
2013-05-14 03:30:03,flyingkuyt,hiroki,6312,5783,0.0,6276,5842,-36,59
2013-05-14 03:48:38,flyingkuyt,Warfreak2,6276,5694,0.0,6238,5752,-38,58
2013-05-14 04:00:53,Andrew Iannaccone,hiroki,6491,5888,1.0,6520,5854,29,-34
2013-05-14 04:37:04,flyingkuyt,LESPEUTERE,6206,6577,0.0,6180,6608,-26,31
2013-05-14 04:41:13,flyingkuyt,LESPEUTERE,6180,6608,0.0,6154,6638,-26,30
2013-05-14 04:46:27,flyingkuyt,LESPEUTERE,6154,6638,0.0,6129,6667,-25,29
2013-05-14 05:02:09,flyingkuyt,LESPEUTERE,6129,6667,0.0,6104,6696,-25,29
2013-05-14 05:20:00,flyingkuyt,LESPEUTERE,6144,6654,0.0,6120,6682,-24,28
2013-05-14 05:43:14,Dumbassador,Perna,6241,5772,1.0,6278,5741,37,-31
2013-05-14 06:10:29,Andrew Iannaccone,Dumbassador,6553,6278,1.0,6586,6242,33,-36
2013-05-14 06:19:02,Hampus Eriksson.0000,LESPEUTERE,5760,6661,0.0,5730,6686,-30,25
2013-05-14 07:19:41,Dumbassador,kenyou2859,6096,6508,1.0,6147,6450,51,-58
2013-05-14 09:48:20,Fabian,Peter Hartman,6223,5736,1.0,6264,5712,41,-24
2013-05-14 09:54:18,noon,Rabid,5855,6847,0.0,5830,6888,-25,41
2013-05-14 09:57:51,Andrew Iannaccone,Macbeth,6545,5824,0.0,6521,6211,-24,387
2013-05-14 10:06:50,Andrew Iannaccone,Macbeth,6521,6211,1.0,6563,5898,42,-313
2013-05-14 10:09:08,Fabian,WhiteRabbit1981,6210,5826,0.0,6158,5872,-52,46
2013-05-14 11:42:06,LESPEUTERE,loppo,6753,5755,1.0,6778,5715,25,-40
2013-05-14 11:59:19,LESPEUTERE,ooksoo,6800,6037,1.0,6825,6013,25,-24
2013-05-14 14:27:31,andwilk,Warfreak2,6045,5723,1.0,6102,5693,57,-30
2013-05-14 14:35:23,Beyond Awesome,nidzela,6028,6078,0.0,5988,6116,-40,38
2013-05-14 18:41:03,Bryan,greens,5767,5723,0.0,5706,5759,-61,36
2013-05-14 18:58:25,Bryan,greens,5706,5759,1.0,5770,5730,64,-29
2013-05-14 19:08:15,Bryan,TrickStaR,5770,6513,0.0,5730,6550,-40,37
2013-05-14 19:16:01,Andrew Iannaccone,hiroki,6662,5880,0.0,6621,5940,-41,60
2013-05-14 19:22:23,flyingkuyt,Snorkelbike,6167,6020,0.5,6175,6030,8,10
2013-05-14 19:29:55,Andrew Iannaccone,David Hunter,6621,6281,1.0,6651,6249,30,-32
2013-05-14 19:55:00,Peter Hartman,Slyfox,5771,5801,0.0,5741,5851,-30,50
2013-05-14 20:42:02,hiroki,ooksoo,5910,6058,0.0,5872,6091,-38,33
2013-05-14 21:07:16,flyingkuyt,Slyfox,6192,5960,1.0,6221,5920,29,-40
2013-05-14 21:23:41,A Drowned Kernel,Andrew Iannaccone,6347,6651,0.0,6305,6682,-42,31
2013-05-14 21:37:53,A Drowned Kernel,Andrew Iannaccone,6305,6682,0.0,6264,6712,-41,30
2013-05-14 22:36:05,flyingkuyt,sangatsu,6284,5983,0.0,6251,6023,-33,40
2013-05-14 22:39:28,greens,Snorkelbike,5709,6213,1.0,5706,6112,-3,-101
2013-05-14 22:49:49,greens,Snorkelbike,5706,6112,0.5,5721,6096,15,-16
2013-05-14 23:19:11,Andrew Iannaccone,Snorkelbike,6723,6164,1.0,6753,6106,30,-58
2013-05-14 23:59:11,Dumbassador,SheCantSayNo,6078,6107,0.0,6041,6140,-37,33
2013-05-15 00:26:06,Dumbassador,kilgoretrout103,6004,6022,0.0,5968,6056,-36,34
2013-05-15 02:44:34,Dumbassador,Troninho,5970,6221,0.0,5939,6263,-31,42
2013-05-15 05:12:15,Davio,Hampus Eriksson.0000,5787,5718,0.0,5714,5772,-73,54
2013-05-15 06:37:15,Dumbassador,Peter Hartman,5969,5703,0.0,5930,5742,-39,39
2013-05-15 06:53:53,Dumbassador,Peter Hartman,5893,5779,0.5,5894,5785,1,6
2013-05-15 07:47:06,Hampus Eriksson.0000,Lekkit,5722,5942,1.0,5774,5885,52,-57
2013-05-15 08:07:09,gagnerouperdretelleestlaquestion?,Peter Hartman,5937,5791,1.0,6090,5769,153,-22
2013-05-15 08:28:21,Dumbassador,Peter Hartman,5793,5796,1.0,5829,5764,36,-32
2013-05-15 08:54:26,kilgoretrout103,Lekkit,6072,6003,0.0,6039,6060,-33,57
2013-05-15 09:03:02,majormajor,WhiteRabbit1981,5821,5847,0.0,5786,5886,-35,39
2013-05-15 09:19:54,Andrew Iannaccone,Lekkit,6734,6060,0.0,6694,6131,-40,71
2013-05-15 13:21:18,Fabian,kilgoretrout103,6164,5953,0.0,6112,5994,-52,41
2013-05-15 15:03:34,ooksoo,toaster,5858,5815,0.0,5826,5859,-32,44
2013-05-15 18:24:07,David Hunter,TrickStaR,6336,6448,1.0,6378,6403,42,-45
2013-05-15 18:30:09,Boodaloo,flyingkuyt,6947,6360,1.0,6986,6337,39,-23
2013-05-15 18:30:13,ooksoo,TrickStaR,5800,6403,0.5,5816,6391,16,-12
2013-05-15 18:35:20,ooksoo,TrickStaR,5816,6391,0.0,5792,6427,-24,36
2013-05-15 18:45:37,Boodaloo,Jiriki,6986,5758,0.0,6918,5700,-68,-58
2013-05-15 19:04:25,Boodaloo,TrickStaR,6918,6361,0.0,6864,6418,-54,57
2013-05-15 19:40:18,flyingkuyt,Snorkelbike,6318,6189,1.0,6353,6122,35,-67
2013-05-15 19:53:19,flyingkuyt,Snorkelbike,6353,6122,1.0,6385,6060,32,-62
2013-05-15 20:13:29,flyingkuyt,ooksoo,6411,5808,1.0,6436,5784,25,-24
2013-05-15 20:21:10,Andrew Iannaccone,Snorkelbike,6885,6113,0.0,6845,6205,-40,92
2013-05-15 21:00:02,SM.SM,Snorkelbike,6049,6205,1.0,6099,6139,50,-66
2013-05-15 21:17:30,David Hunter,kilgoretrout103,6408,6098,1.0,6441,6069,33,-29
2013-05-15 21:47:45,flyingkuyt,SM.SM,6455,6063,1.0,6483,6030,28,-33
2013-05-15 21:57:54,flyingkuyt,SM.SM,6483,6030,1.0,6510,5997,27,-33
2013-05-15 22:42:04,David Hunter,Snorkelbike,6457,6293,0.0,6423,6362,-34,69
2013-05-15 23:39:18,flyingkuyt,Sean Soria.0000,6498,5737,0.0,6459,5786,-39,49
2013-05-16 00:19:53,majormajor,SM.SM,5884,5992,0.0,5852,6032,-32,40
2013-05-16 00:54:19,David Hunter,SM.SM,6396,6002,0.0,6357,6049,-39,47
2013-05-16 16:10:51,LESPEUTERE,SheCantSayNo,6728,6117,0.0,6685,6160,-43,43
2013-05-16 16:47:28,LESPEUTERE,SheCantSayNo,6743,6110,1.0,6771,6086,28,-24
2013-05-16 16:59:17,LESPEUTERE,SheCantSayNo,6771,6086,1.0,6798,6062,27,-24
2013-05-16 17:06:44,LESPEUTERE,SheCantSayNo,6798,6062,0.0,6753,6106,-45,44
2013-05-16 23:09:16,A Drowned Kernel,Robz888,6311,6170,1.0,6361,6129,50,-41
2013-05-16 23:16:15,kilgoretrout103,Stealth Tomato,6076,6657,0.0,6051,6693,-25,36
2013-05-16 23:26:38,greens,nzhugs,5831,5841,0.0,5801,5886,-30,45
2013-05-17 03:08:43,Dumbassador,Perna,5906,5988,0.0,5873,6027,-33,39
2013-05-17 03:35:09,Andrew Iannaccone,Warfreak2,6948,5776,1.0,6971,5755,23,-21
2013-05-17 03:51:08,Tao Chen,yawgmoth,6042,5662,0.0,5949,5719,-93,57
2013-05-17 03:59:17,Andrew Iannaccone,Warfreak2,6971,5755,0.0,6917,5813,-54,58
2013-05-17 04:08:31,Andrew Iannaccone,ooo,6917,6101,1.0,6949,6036,32,-65
2013-05-17 04:24:07,Lekkit,Peter Hartman,6197,5779,1.0,6237,5752,40,-27
2013-05-17 04:28:27,Hampus Eriksson.0000,Masschy,5981,6151,0.0,5946,6196,-35,45
2013-05-17 04:32:06,Andrew Iannaccone,Dumbassador,6968,5869,1.0,6991,5849,23,-20
2013-05-17 04:46:03,Andrew Iannaccone,Dumbassador,6991,5849,1.0,7014,5828,23,-21
2013-05-17 05:46:05,SheCantSayNo,Watno,6087,5947,1.0,6122,5899,35,-48
2013-05-17 06:11:03,SheCantSayNo,Watno,6088,5959,1.0,6123,5911,35,-48
2013-05-17 06:12:13,dudeabides,Lekkit,6147,6164,1.0,6191,6124,44,-40
2013-05-17 06:28:15,SheCantSayNo,Watno,6090,5969,1.0,6124,5923,34,-46
2013-05-17 06:36:29,Lagrangian,Lekkit,5930,6149,0.0,5882,6192,-48,43
2013-05-17 06:55:52,SheCantSayNo,Watno,6158,5892,1.0,6189,5850,31,-42
2013-05-17 07:15:58,jsh357,Pex Golder,6404,6083,0.0,6351,6280,-53,197
2013-05-17 07:47:38,nidzela,Stealth Tomato,6137,6699,0.0,6110,6738,-27,39
2013-05-17 10:13:07,Perna,Robz888,6144,6183,0.0,6110,6233,-34,50
2013-05-17 10:59:16,gagnerouperdretelleestlaquestion?,kilgoretrout103,6626,6058,1.0,6690,6034,64,-24
2013-05-17 11:04:00,LordSnow,TrickStaR,5709,6406,0.5,5744,6396,35,-10
2013-05-17 11:47:55,A Drowned Kernel,LordSnow,6366,5744,0.0,6310,5827,-56,83
2013-05-17 11:52:50,Warfreak2,YeahBoooey,5813,5787,0.0,5778,5828,-35,41
2013-05-17 12:23:00,A Drowned Kernel,Wandering Winder,6371,6294,1.0,6428,6208,57,-86
2013-05-17 12:49:44,LordSnow,Stealth Tomato,5762,6622,1.0,5845,6571,83,-51
2013-05-17 14:13:51,Warfreak2,YeahBoooey,5674,5823,1.0,5686,5783,12,-40
2013-05-17 14:18:03,Emeric,majormajor,6175,5849,0.0,6130,5888,-45,39
2013-05-17 14:51:17,Stealth Tomato,Wandering Winder,6512,6425,0.0,6478,6516,-34,91
2013-05-17 14:53:20,Lotoreo,Psyduck,5884,5741,0.0,5849,5835,-35,94
2013-05-17 15:01:02,Stealth Tomato,Wandering Winder,6506,6516,0.0,6473,6602,-33,86
2013-05-17 16:09:38,Boodaloo,harrisreynolds,6894,5654,0.0,6827,5700,-67,46
2013-05-17 16:18:27,nidzela,Stealth Tomato,6205,6453,1.0,6247,6413,42,-40
2013-05-17 16:24:11,Boodaloo,Lotoreo,6762,5990,1.0,6800,5965,38,-25
2013-05-17 16:28:15,Boodaloo,Lotoreo,6800,5965,0.0,6738,6020,-62,55
2013-05-17 17:23:37,SheCantSayNo,SM.SM,6147,5881,1.0,6177,5845,30,-36
2013-05-17 17:42:06,Boodaloo,Masschy,6675,6310,1.0,6716,6279,41,-31
2013-05-17 17:48:38,Boodaloo,Masschy,6716,6279,1.0,6755,6249,39,-30
2013-05-17 17:57:55,Boodaloo,Masschy,6755,6249,0.0,6705,6298,-50,49
2013-05-17 18:52:37,Andrew Iannaccone,Boodaloo,6918,6853,0.0,6883,6899,-35,46
2013-05-17 19:21:11,Beyond Awesome,Boodaloo,6208,6923,1.0,6269,6873,61,-50
2013-05-17 19:46:24,Andrew Iannaccone,Boodaloo,6853,6812,1.0,6890,6774,37,-38
2013-05-17 19:53:02,Andrew Iannaccone,Boodaloo,6890,6774,1.0,6925,6737,35,-37
2013-05-17 20:01:28,Andrew Iannaccone,Boodaloo,6925,6737,0.0,6890,6782,-35,45
2013-05-17 20:08:06,Beyond Awesome,Stealth Tomato,6236,6351,0.0,6197,6388,-39,37
2013-05-17 20:40:09,Boodaloo,csu,6782,5774,0.0,6728,5826,-54,52
2013-05-17 20:48:24,Andrew Iannaccone,SM.SM,6890,5943,0.0,6844,6000,-46,57
2013-05-17 20:52:04,Boodaloo,Slyfox,6728,5855,1.0,6757,5824,29,-31
2013-05-17 20:57:19,Boodaloo,Slyfox,6757,5824,0.0,6707,5893,-50,69
2013-05-17 21:14:18,Beyond Awesome,Boodaloo,6083,6733,1.0,6137,6686,54,-47
2013-05-17 21:17:03,Slyfox,SM.SM,5947,6087,1.0,5999,6049,52,-38
2013-05-17 22:34:47,Andrew Iannaccone,Beyond Awesome,6841,6108,1.0,6867,6080,26,-28
2013-05-17 23:27:05,Lekkit,WhiteRabbit1981,6246,5825,0.0,6201,5872,-45,47
2013-05-17 23:52:44,Andrew Iannaccone,Davio,6759,5887,1.0,6784,5847,25,-40
2013-05-18 00:55:43,Perna,Stealth Tomato,5949,6329,0.0,5919,6361,-30,32
2013-05-18 01:01:38,Lekkit,Stealth Tomato,6325,6361,1.0,6366,6327,41,-34
2013-05-18 03:23:26,Rabid,WhiteRabbit1981,6959,5728,1.0,6997,5709,38,-19
2013-05-18 03:30:20,Psyduck,SheCantSayNo,5915,6159,0.0,5839,6195,-76,36
2013-05-18 03:36:38,Hampus Eriksson.0000,LESPEUTERE,5814,6752,0.0,5788,6779,-26,27
2013-05-18 04:23:30,Hampus Eriksson.0000,LESPEUTERE,5837,6820,0.0,5813,6847,-24,27
2013-05-18 04:30:00,Emeric,LESPEUTERE,6115,6847,0.0,6086,6877,-29,30
2013-05-18 04:47:50,Emeric,Rabid,6086,7018,0.0,6062,7061,-24,43
2013-05-18 05:01:50,Rabid,yed,7061,5774,0.0,6973,5838,-88,64
2013-05-18 05:17:11,Lekkit,Rabid,6471,6973,0.0,6442,7024,-29,51
2013-05-18 06:46:03,LordSnow,qmech,5910,6197,0.0,5868,6272,-42,75
2013-05-18 06:53:09,qmech,Rabid,6272,7024,1.0,6377,6959,105,-65
2013-05-18 07:11:18,Andrew Iannaccone,Watno,6800,5827,0.0,6753,5902,-47,75
2013-05-18 07:21:46,qmech,Rabid,6475,6899,1.0,6565,6843,90,-56
2013-05-18 08:19:06,Andrew Iannaccone,Watno,6695,6004,1.0,6724,5970,29,-34
2013-05-18 08:28:45,Andrew Iannaccone,Watno,6724,5970,1.0,6751,5937,27,-33
2013-05-18 08:47:08,Andrew Iannaccone,Watno,6751,5937,0.0,6708,6003,-43,66
2013-05-18 09:17:31,Hampus Eriksson.0000,HandKnit,5790,5670,0.0,5753,5720,-37,50
2013-05-18 09:29:01,Hampus Eriksson.0000,Rabid,5753,6758,1.0,5810,6688,57,-70
2013-05-18 09:41:25,Andrew Iannaccone,Watno,6735,5970,0.0,6693,6033,-42,63
2013-05-18 09:43:19,Rabid,TrickStaR,6688,6383,1.0,6736,6348,48,-35
2013-05-18 10:42:09,Lotoreo,Stef,6059,6434,1.0,6110,6066,51,-368
2013-05-18 10:54:16,kilgoretrout103,toaster,6076,5671,0.0,6036,5725,-40,54
2013-05-18 11:05:47,David Hunter,Lotoreo,6307,6148,1.0,6346,6118,39,-30
2013-05-18 11:07:59,HandKnit,kilgoretrout103,5755,6036,0.0,5719,6071,-36,35
2013-05-18 11:10:04,Polk5440,Troninho,5959,6376,1.0,6139,6334,180,-42
2013-05-18 11:18:59,David Hunter,Lotoreo,6346,6118,0.0,6304,6156,-42,38
2013-05-18 11:19:08,kilgoretrout103,Masschy,6071,6218,0.0,6039,6256,-32,38
2013-05-18 11:25:15,kilgoretrout103,Masschy,6039,6256,1.0,6080,6216,41,-40
2013-05-18 11:53:19,Dumbassador,TrickStaR,5889,6299,0.0,5860,6336,-29,37
2013-05-18 11:56:22,Stealth Tomato,Stef,6460,6244,0.0,6433,6441,-27,197
2013-05-18 12:02:09,Dumbassador,TrickStaR,5860,6336,0.0,5832,6371,-28,35
2013-05-18 12:08:56,Boodaloo,Troninho,6700,6371,1.0,6738,6331,38,-40
2013-05-18 12:22:56,David Hunter,Stealth Tomato,6348,6417,0.0,6311,6454,-37,37
2013-05-18 12:29:59,Rabid,SheCantSayNo,6769,6361,0.0,6715,6403,-54,42
2013-05-18 12:39:14,Lagrangian,Sargeras,6036,5697,0.0,5981,5733,-55,36
2013-05-18 12:46:20,Rabid,SheCantSayNo,6715,6403,1.0,6759,6376,44,-27
2013-05-18 13:03:24,Rabid,SheCantSayNo,6759,6376,0.0,6707,6417,-52,41
2013-05-18 13:10:21,Rabid,SheCantSayNo,6707,6417,0.0,6657,6457,-50,40
2013-05-18 13:10:33,SM.SM,Troninho,6097,6277,0.0,6063,6323,-34,46
2013-05-18 13:19:04,SM.SM,Troninho,6063,6323,1.0,6110,6275,47,-48
2013-05-18 13:25:57,Rabid,SheCantSayNo,6657,6457,1.0,6701,6428,44,-29
2013-05-18 13:34:06,majormajor,RTT,5981,6293,1.0,6022,6244,41,-49
2013-05-18 13:37:05,Lagrangian,Troninho,6016,6300,1.0,6078,6254,62,-46
2013-05-18 13:50:14,Stef,Troninho,6608,6254,0.0,6449,6317,-159,63
2013-05-18 14:13:11,markusin,Watno,5856,6129,0.0,5809,6173,-47,44
2013-05-18 14:26:36,markusin,Watno,5809,6173,0.0,5765,6214,-44,41
2013-05-18 14:34:09,markusin,Watno,5765,6214,0.0,5723,6253,-42,39
2013-05-18 14:40:50,markusin,Watno,5723,6253,1.0,5793,6207,70,-46
2013-05-18 14:41:46,SheCantSayNo,Stef,6484,6100,1.0,6519,5997,35,-103
2013-05-18 15:28:05,SheCantSayNo,Stef,6458,6262,0.0,6429,6377,-29,115
2013-05-18 15:42:07,SheCantSayNo,Stef,6429,6377,1.0,6467,6277,38,-100
2013-05-18 15:49:09,jaybeez,kilgoretrout103,5796,6071,1.0,5845,6033,49,-38
2013-05-18 16:44:26,David Hunter,kilgoretrout103,6217,5926,0.0,6170,5966,-47,40
2013-05-18 18:19:56,Boodaloo,Jeebus,6829,6411,0.0,6791,6482,-38,71
2013-05-18 20:15:11,Boodaloo,Kirian,6770,5708,0.0,6721,5711,-49,3
2013-05-18 20:36:41,Boodaloo,kilgoretrout103,6746,6057,1.0,6774,6033,28,-24
2013-05-18 23:06:37,Beyond Awesome,jaybeez,5985,5696,0.0,5944,5742,-41,46
2013-05-19 02:34:38,Andrew Iannaccone,Troninho,6603,6227,0.0,6567,6276,-36,49
2013-05-19 03:18:03,Lotoreo,Psyduck,6122,5887,0.0,6090,5978,-32,91
2013-05-19 05:07:16,Polk5440,Troninho,5953,6303,0.0,5863,6348,-90,45
2013-05-19 05:44:04,flyingkuyt,Stef,6022,6554,0.0,5997,6627,-25,73
2013-05-19 05:54:20,flyingkuyt,Stef,5997,6627,1.0,6051,6523,54,-104
2013-05-19 06:12:34,flyingkuyt,Stef,6051,6523,0.0,6025,6594,-26,71
2013-05-19 06:13:26,HandKnit,Lekkit,5722,6374,0.0,5692,6407,-30,33
2013-05-19 06:20:39,flyingkuyt,Stef,6025,6594,1.0,6078,6498,53,-96
2013-05-19 07:00:09,HandKnit,Masschy,5764,6315,0.0,5733,6348,-31,33
2013-05-19 07:01:27,flyingkuyt,Stef,6047,6632,1.0,6098,6542,51,-90
2013-05-19 07:14:22,Lekkit,Masschy,6468,6363,0.0,6428,6405,-40,42
2013-05-19 07:28:42,flyingkuyt,TrickStaR,6116,6371,1.0,6158,6327,42,-44
2013-05-19 07:33:34,loppo,Stef,5973,6542,0.0,5933,6607,-40,65
2013-05-19 07:55:11,Stef,TrickStaR,6607,6374,1.0,6676,6342,69,-32
2013-05-19 08:32:03,Boodaloo,Wandering Winder,6768,6545,1.0,6807,6476,39,-69
2013-05-19 08:37:35,Boodaloo,Wandering Winder,6807,6476,1.0,6845,6411,38,-65
2013-05-19 09:22:24,Hampus Eriksson.0000,LESPEUTERE,5735,6897,0.0,5714,6922,-21,25
2013-05-19 09:34:03,Boodaloo,Bulec,6845,5892,0.0,6808,6129,-37,237
2013-05-19 09:36:07,Stef,TrickStaR,6790,6310,1.0,6845,6281,55,-29
2013-05-19 09:39:15,jaybeez,Wandering Winder,5673,6420,1.0,5732,6331,59,-89
2013-05-19 09:46:14,Bulec,LESPEUTERE,6129,6855,1.0,6339,6818,210,-37
2013-05-19 09:52:48,gagnerouperdretelleestlaquestion?,Wandering Winder,6933,6331,1.0,7002,6285,69,-46
2013-05-19 09:55:20,jaybeez,Stef,5732,6845,0.0,5711,6886,-21,41
2013-05-19 10:04:02,jaybeez,Stef,5711,6886,1.0,5776,6798,65,-88
2013-05-19 10:35:05,Bert Sels,majormajor,5732,6002,0.0,5693,6035,-39,33
2013-05-19 10:37:14,Stef,Wandering Winder,6833,6249,1.0,6886,6204,53,-45
2013-05-19 10:43:29,martlet,TrickStaR,5685,6263,1.0,5738,6218,53,-45
2013-05-19 10:50:03,Boodaloo,TrickStaR,6780,6218,1.0,6810,6189,30,-29
2013-05-19 10:57:40,Boodaloo,TrickStaR,6810,6189,1.0,6839,6160,29,-29
2013-05-19 11:00:28,jaybeez,majormajor,5776,5982,0.0,5741,6015,-35,33
2013-05-19 11:09:03,Boodaloo,jaybeez,6839,5741,1.0,6862,5718,23,-23
2013-05-19 12:13:13,Andrew Iannaccone,Boodaloo,6599,6921,1.0,6641,6882,42,-39
2013-05-19 12:16:09,gagnerouperdretelleestlaquestion?,LESPEUTERE,7002,6824,0.0,6924,6872,-78,48
2013-05-19 12:18:26,Boodaloo,Wandering Winder,6882,6208,0.0,6842,6290,-40,82
2013-05-19 12:37:57,SheCantSayNo,TrickStaR,6391,6135,0.0,6355,6177,-36,42
2013-05-19 12:49:10,SheCantSayNo,TrickStaR,6355,6177,1.0,6388,6144,33,-33
2013-05-19 12:50:12,Andrew Iannaccone,Wandering Winder,6694,6278,0.0,6658,6349,-36,71
2013-05-19 13:29:24,LESPEUTERE,markusin,6872,5775,1.0,6898,5747,26,-28
2013-05-19 13:49:52,Andrew Iannaccone,Boodaloo,6638,6842,1.0,6676,6805,38,-37
2013-05-19 14:13:06,Andrew Iannaccone,Boodaloo,6645,6839,0.0,6614,6873,-31,34
2013-05-19 14:23:26,Andrew Iannaccone,Stef,6614,6886,0.0,6587,6941,-27,55
2013-05-19 14:36:39,Andrew Iannaccone,Stef,6587,6941,0.0,6561,6994,-26,53
2013-05-19 15:58:05,David Hunter,Slyfox,6092,6171,0.0,6056,6219,-36,48
2013-05-19 16:02:35,nidzela,Troninho,5873,6373,1.0,5921,6326,48,-47
2013-05-19 16:09:02,nidzela,Troninho,5921,6326,1.0,5967,6281,46,-45
2013-05-19 16:16:00,David Hunter,Drew Spencer,6056,5765,1.0,6097,5711,41,-54
2013-05-19 16:18:56,TrickStaR,Wandering Winder,6139,6450,0.5,6152,6445,13,-5
2013-05-19 16:29:08,David Hunter,Wandering Winder,6097,6445,0.0,6065,6494,-32,49
2013-05-19 16:50:08,TrickStaR,Wandering Winder,6196,6438,0.0,6166,6486,-30,48
2013-05-19 17:06:27,Boodaloo,TrickStaR,6822,6166,0.0,6780,6213,-42,47
2013-05-19 17:10:11,Boodaloo,TrickStaR,6780,6213,1.0,6808,6186,28,-27
2013-05-19 17:51:10,kilgoretrout103,Troninho,6017,6218,1.0,6056,6178,39,-40
2013-05-19 18:00:24,Boodaloo,Troninho,6751,6178,1.0,6779,6149,28,-29
2013-05-19 20:43:33,csu,toaster,5803,5715,0.0,5771,5765,-32,50
2013-05-19 22:00:50,flyingkuyt,hiroki,6208,5789,1.0,6241,5750,33,-39
2013-05-19 22:39:16,flyingkuyt,hiroki,6196,5801,1.0,6229,5762,33,-39
2013-05-19 22:46:15,Emeric,SM.SM,6059,6013,0.0,6022,6056,-37,43
2013-05-19 23:00:03,flyingkuyt,hiroki,6252,5789,0.0,6213,5848,-39,59
2013-05-20 00:17:10,flyingkuyt,Perna,6313,5892,1.0,6343,5863,30,-29
2013-05-20 01:05:10,flyingkuyt,Perna,6290,5895,1.0,6320,5866,30,-29
2013-05-20 02:08:03,martlet,SheCantSayNo,5706,6466,1.0,5758,6425,52,-41
2013-05-20 02:25:24,Andrew Iannaccone,martlet,6507,5758,1.0,6531,5731,24,-27
2013-05-20 02:29:14,Lagrangian,SheCantSayNo,6108,6445,1.0,6169,6411,61,-34
2013-05-20 02:47:07,Andrew Iannaccone,Lagrangian,6531,6169,1.0,6562,6126,31,-43
2013-05-20 02:56:55,flyingkuyt,SheCantSayNo,6202,6437,1.0,6239,6403,37,-34
2013-05-20 03:35:07,Andrew Iannaccone,Lagrangian,6575,6060,1.0,6605,6019,30,-41
2013-05-20 03:36:14,Pex Golder,SheCantSayNo,6234,6324,0.5,6233,6340,-1,16
2013-05-20 03:58:19,Andrew Iannaccone,Pex Golder,6623,6233,1.0,6662,6085,39,-148
2013-05-20 04:39:05,Hampus Eriksson.0000,Stef,5691,6981,0.0,5672,7016,-19,35
2013-05-20 05:43:15,Fabian,Toblakai,6062,6028,0.0,6007,6074,-55,46
2013-05-20 06:34:07,dudeabides,flyingkuyt,6158,6269,1.0,6211,6236,53,-33
2013-05-20 07:03:25,dudeabides,flyingkuyt,6262,6224,0.0,6216,6261,-46,37
2013-05-20 07:24:54,gagnerouperdretelleestlaquestion?,Stef,6356,6842,0.0,6308,6892,-48,50
2013-05-20 07:38:04,gagnerouperdretelleestlaquestion?,Stef,6308,6892,1.0,6394,6835,86,-57
2013-05-20 08:09:21,Stef,WhiteRabbit1981,6835,5696,1.0,6868,5673,33,-23
2013-05-20 10:11:11,dudeabides,Lekkit,6039,6087,0.0,5999,6125,-40,38
2013-05-20 10:34:02,flyingkuyt,Psyduck,6321,5766,0.0,6284,5849,-37,83
2013-05-20 10:47:32,kilgoretrout103,Psyduck,6162,5849,0.0,6126,5923,-36,74
2013-05-20 11:15:17,Kay Jee,Stef,5686,6657,0.0,5654,6691,-32,34
2013-05-20 11:46:11,Stef,Wandering Winder,6638,6459,0.0,6593,6519,-45,60
2013-05-20 12:03:17,flyingkuyt,Stef,6295,6593,0.0,6268,6635,-27,42
2013-05-20 13:00:09,Rabid,Toblakai,6720,6091,1.0,6759,6063,39,-28
2013-05-20 13:03:27,Andrew Iannaccone,Stef,6612,6622,1.0,6648,6579,36,-43
2013-05-20 13:13:35,flyingkuyt,Toblakai,6228,6063,0.0,6195,6106,-33,43
2013-05-20 13:15:06,Andrew Iannaccone,Stef,6648,6579,0.0,6616,6626,-32,47
2013-05-20 13:25:58,Andrew Iannaccone,Stef,6616,6626,1.0,6651,6584,35,-42
2013-05-20 13:41:18,Andrew Iannaccone,Stef,6651,6584,0.0,6619,6630,-32,46
2013-05-20 14:26:06,Andrew Iannaccone,Stef,6588,6674,0.0,6558,6717,-30,43
2013-05-20 16:11:11,Adam Horton,Qvist,5834,6205,1.0,5957,6086,123,-119
2013-05-20 16:30:19,Andrew Iannaccone,SheCantSayNo,6566,6406,0.0,6532,6443,-34,37
2013-05-20 16:35:38,Adam Horton,Qvist,5957,6086,1.0,6066,5982,109,-104
2013-05-20 16:57:02,Adam Horton,Qvist,6066,5982,0.0,5996,6111,-70,129
2013-05-20 17:03:12,Jeebus,TriHeadedQQQ,6431,5789,0.0,6356,5859,-75,70
2013-05-20 17:24:04,Jeebus,Perry Green,6356,5960,1.0,6417,5912,61,-48
2013-05-20 17:35:41,Boodaloo,Kirian,6746,5781,1.0,6771,5747,25,-34
2013-05-20 17:46:27,Adam Horton,Qvist,5933,6225,1.0,6039,6126,106,-99
2013-05-20 18:20:16,flyingkuyt,Kirian,6224,5704,0.0,6189,5770,-35,66
2013-05-20 18:22:07,Boodaloo,Jeebus,6787,6456,0.0,6752,6529,-35,73
2013-05-20 18:36:21,Boodaloo,Wandering Winder,6752,6558,0.0,6717,6613,-35,55
2013-05-20 20:55:06,Slyfox,toaster,6389,5922,0.0,6342,5978,-47,56
2013-05-20 21:44:04,Slyfox,Stealth Tomato,6265,6433,0.0,6230,6473,-35,40
2013-05-20 21:52:01,Slyfox,Stealth Tomato,6230,6473,0.0,6195,6512,-35,39
2013-05-20 22:27:37,Slyfox,Stealth Tomato,6195,6512,1.0,6243,6470,48,-42
2013-05-20 23:36:12,Andrew Iannaccone,sangatsu,6499,5972,1.0,6527,5934,28,-38
2013-05-20 23:53:53,Andrew Iannaccone,SM.SM,6527,5887,1.0,6553,5858,26,-29
2013-05-21 00:35:24,Andrew Iannaccone,SM.SM,6538,5882,1.0,6563,5854,25,-28
2013-05-21 00:47:47,Andrew Iannaccone,SM.SM,6563,5854,0.0,6523,5905,-40,51
2013-05-21 00:50:16,Fabian,SheCantSayNo,6106,6479,0.0,6062,6510,-44,31
2013-05-21 00:50:21,hiroki,Toblakai,5797,6071,1.0,5844,6031,47,-40
2013-05-21 01:01:41,Andrew Iannaccone,SM.SM,6549,5877,0.0,6510,5927,-39,50
2013-05-21 01:54:19,David Hunter,sangatsu,6064,5949,1.0,6108,5908,44,-41
2013-05-21 01:54:40,Dumbassador,RTT,6006,6303,0.0,5974,6347,-32,44
2013-05-21 01:55:39,gagnerouperdretelleestlaquestion?,hiroki,6634,5813,1.0,6668,5788,34,-25
2013-05-21 02:07:42,hiroki,RTT,5788,6347,1.0,5839,6294,51,-53
2013-05-21 02:07:51,Andrew Iannaccone,SheCantSayNo,6587,6533,0.0,6555,6568,-32,35
2013-05-21 02:08:16,David Hunter,sangatsu,6108,5908,0.0,6066,5960,-42,52
2013-05-21 02:35:16,Dumbassador,RTT,5928,6336,0.0,5898,6376,-30,40
2013-05-21 02:42:16,Andrew Iannaccone,SheCantSayNo,6588,6535,1.0,6619,6504,31,-31
2013-05-21 03:05:08,Andrew Iannaccone,SheCantSayNo,6632,6454,1.0,6664,6422,32,-32
2013-05-21 04:05:32,Hampus Eriksson.0000,LESPEUTERE,5749,6854,1.0,5810,6794,61,-60
2013-05-21 04:09:00,Andrew Iannaccone,SheCantSayNo,6755,6333,0.0,6718,6375,-37,42
2013-05-21 04:33:58,Andrew Iannaccone,SheCantSayNo,6718,6375,0.0,6682,6415,-36,40
2013-05-21 04:43:49,Andrew Iannaccone,SheCantSayNo,6682,6415,0.0,6646,6454,-36,39
2013-05-21 04:46:56,Hampus Eriksson.0000,HandKnit,5840,5661,0.0,5801,5643,-39,-18
2013-05-21 05:03:06,Andrew Iannaccone,SheCantSayNo,6612,6492,0.0,6579,6528,-33,36
2013-05-21 05:07:23,LESPEUTERE,RTT,6749,6345,1.0,6788,6308,39,-37
2013-05-21 06:28:00,Dumbassador,Perna,5878,6014,1.0,5923,5979,45,-35
2013-05-21 07:41:38,Masschy,Pietari Virtanen,6155,5695,0.0,6122,5873,-33,178
2013-05-21 07:54:23,LESPEUTERE,RTT,6692,6331,1.0,6729,6294,37,-37
2013-05-21 07:56:00,Toblakai,yed,6035,5690,0.0,5993,5744,-42,54
2013-05-21 09:06:44,Andrew Iannaccone,RTT,6579,6350,1.0,6610,6311,31,-39
2013-05-21 09:22:48,Andrew Iannaccone,RTT,6610,6311,0.0,6576,6362,-34,51
2013-05-21 10:02:23,A Drowned Kernel,Stef,6320,6738,0.0,6276,6775,-44,37
2013-05-21 10:05:01,Andrew Iannaccone,gagnerouperdretelleestlaquestion?,6602,6681,0.0,6573,6730,-29,49
2013-05-21 10:33:51,Andrew Iannaccone,gagnerouperdretelleestlaquestion?,6545,6777,1.0,6582,6727,37,-50
2013-05-21 11:15:26,Lotoreo,Perry Green,6108,5950,1.0,6149,5893,41,-57
2013-05-21 11:15:42,Andrew Iannaccone,Stef,6582,6817,0.0,6555,6854,-27,37
2013-05-21 11:32:14,Andrew Iannaccone,Stef,6555,6854,1.0,6592,6812,37,-42
2013-05-21 12:12:01,Warfreak2,yed,5683,5776,1.0,5720,5733,37,-43
2013-05-21 12:13:05,Andrew Iannaccone,Stef,6537,6884,0.0,6510,6918,-27,34
2013-05-21 12:33:39,Andrew Iannaccone,Stef,6510,6918,0.0,6485,6951,-25,33
2013-05-21 13:00:05,Emeric,LESPEUTERE,6221,6675,0.0,6189,6709,-32,34
2013-05-21 13:05:04,pst,Watno,5639,6578,1.0,5703,6510,64,-68
2013-05-21 13:11:07,Aurinko,LESPEUTERE,5688,6709,1.0,5818,6662,130,-47
2013-05-21 13:54:38,majormajor,Toblakai,6082,5926,1.0,6119,5892,37,-34
2013-05-21 14:25:19,nidzela,Stef,5726,6961,0.0,5705,6983,-21,22
2013-05-21 15:09:41,Stef,Watno,6998,6586,0.0,6959,6648,-39,62
2013-05-21 15:19:53,Stef,Watno,6959,6648,1.0,6994,6606,35,-42
2013-05-21 16:17:20,LESPEUTERE,Watno,6700,6666,1.0,6740,6620,40,-46
2013-05-21 18:44:31,Andrew Iannaccone,LazyDog,6499,5664,0.0,6462,5670,-37,6
2013-05-21 18:45:24,Polk5440,Slyfox,5958,6265,0.0,5864,6310,-94,45
2013-05-21 18:52:05,Andrew Iannaccone,Polk5440,6462,5864,0.0,6430,5996,-32,132
2013-05-21 19:02:01,Andrew Iannaccone,Polk5440,6430,5996,1.0,6461,5911,31,-85
2013-05-21 19:07:07,Andrew Iannaccone,Polk5440,6461,5911,0.0,6430,6032,-31,121
2013-05-21 19:13:32,Andrew Iannaccone,David Hunter,6430,6045,0.5,6427,6059,-3,14
2013-05-21 19:45:02,David Hunter,kilgoretrout103,6042,6124,0.0,6003,6161,-39,37
2013-05-21 19:50:00,Andrew Iannaccone,Stealth Tomato,6350,6512,1.0,6385,6469,35,-43
2013-05-21 20:13:12,David Hunter,Perna,6003,6054,0.0,5964,6089,-39,35
2013-05-21 21:08:21,Slyfox,Snorkelbike,6345,5825,1.0,6383,5769,38,-56
2013-05-21 21:14:33,Perry Green,TriHeadedQQQ,5966,5908,1.0,6032,5863,66,-45
2013-05-21 21:18:50,dudeabides,Robz888,5873,6440,0.5,5894,6428,21,-12
2013-05-21 21:42:00,Kirian,Perna,5765,6074,0.0,5721,6106,-44,32
2013-05-21 23:10:33,kilgoretrout103,TriHeadedQQQ,6133,5875,0.0,6098,5934,-35,59
2013-05-21 23:20:08,jaybeez,kilgoretrout103,5679,6098,1.0,5681,6058,2,-40
2013-05-21 23:32:42,jaybeez,TriHeadedQQQ,5681,5934,1.0,5729,5882,48,-52
2013-05-21 23:39:49,jaybeez,TriHeadedQQQ,5729,5882,0.0,5695,5932,-34,50
2013-05-22 00:05:21,Robz888,SM.SM,6397,5934,1.0,6441,5904,44,-30
2013-05-22 00:12:24,Lotoreo,SM.SM,6073,5904,1.0,6110,5869,37,-35
2013-05-22 00:29:08,Lekkit,SM.SM,6094,5869,0.0,6056,5914,-38,45
2013-05-22 00:32:11,flyingkuyt,SheCantSayNo,6225,6445,0.0,6196,6477,-29,32
2013-05-22 00:44:40,Lekkit,SM.SM,6056,5914,1.0,6093,5879,37,-35
2013-05-22 00:53:48,Lekkit,SM.SM,6093,5879,1.0,6128,5845,35,-34
2013-05-22 01:30:22,Fabian,Lekkit,6044,6135,1.0,6100,6101,56,-34
2013-05-22 01:39:26,Fabian,Lekkit,6100,6101,1.0,6153,6069,53,-32
2013-05-22 01:51:37,Davio,SheCantSayNo,5752,6377,1.0,5846,6342,94,-35
2013-05-22 03:03:19,Lekkit,Warfreak2,6069,5684,1.0,6102,5656,33,-28
2013-05-22 03:10:14,Hao Chu,Stef,5653,6941,1.0,5727,6885,74,-56
2013-05-22 03:29:54,Lekkit,LESPEUTERE,6077,6888,0.0,6052,6917,-25,29
2013-05-22 03:36:59,Andrew Iannaccone,Warfreak2,6259,5680,0.0,6220,5724,-39,44
2013-05-22 03:48:14,Andrew Iannaccone,RTT,6220,6329,0.0,6191,6372,-29,43
2013-05-22 05:31:20,Andrew Iannaccone,Stef,6243,6869,1.0,6284,6823,41,-46
2013-05-22 06:39:38,Andrew Iannaccone,Stef,6276,6840,0.0,6252,6869,-24,29
2013-05-22 06:52:15,Andrew Iannaccone,Stef,6252,6869,0.0,6228,6898,-24,29
2013-05-22 06:56:45,LESPEUTERE,Watno,6775,6385,0.0,6736,6449,-39,64
2013-05-22 07:10:51,LESPEUTERE,Watno,6736,6449,0.0,6698,6509,-38,60
2013-05-22 07:36:10,LESPEUTERE,Watno,6627,6621,0.5,6633,6626,6,5
2013-05-22 07:42:27,LESPEUTERE,Watno,6633,6626,1.0,6672,6581,39,-45
2013-05-22 07:55:13,Warfreak2,yed,5669,5799,1.0,5707,5754,38,-45
2013-05-22 08:04:42,LESPEUTERE,Watno,6672,6581,0.0,6638,6633,-34,52
2013-05-22 08:16:00,LESPEUTERE,Watno,6638,6633,0.0,6605,6682,-33,49
2013-05-22 08:55:24,LESPEUTERE,Watno,6650,6640,1.0,6687,6597,37,-43
2013-05-22 09:12:18,LESPEUTERE,Watno,6722,6556,1.0,6757,6516,35,-40
2013-05-22 09:30:33,Hao Chu,Lagrangian,5897,6089,0.0,5865,6144,-32,55
2013-05-22 09:34:25,LESPEUTERE,Watno,6721,6566,0.0,6687,6614,-34,48
2013-05-22 09:48:54,LESPEUTERE,Watno,6723,6574,0.0,6689,6621,-34,47
2013-05-22 10:17:32,dudeabides,Emeric,6034,6161,0.0,5998,6202,-36,41
2013-05-22 11:41:18,Rabid,SheCantSayNo,6742,6214,0.0,6683,6256,-59,42
2013-05-22 12:06:08,Rabid,SheCantSayNo,6687,6276,0.0,6630,6317,-57,41
2013-05-22 12:57:31,kilgoretrout103,RTT,6130,6549,1.0,6175,6502,45,-47
2013-05-22 13:07:35,gagnerouperdretelleestlaquestion?,WhiteRabbit1981,6491,5673,0.0,6434,5666,-57,-7
2013-05-22 13:13:11,Rabid,SheCantSayNo,6694,6330,1.0,6738,6304,44,-26
2013-05-22 13:51:14,Beyond Awesome,gagnerouperdretelleestlaquestion?,5837,6349,1.0,5900,6301,63,-48
2013-05-22 14:11:04,Andrew Iannaccone,Rabid,6242,6723,0.0,6218,6763,-24,40
2013-05-22 14:32:17,Andrew Iannaccone,Rabid,6218,6763,0.0,6194,6801,-24,38
2013-05-22 14:34:37,Beyond Awesome,Sean Soria.0000,5959,5716,1.0,6005,5687,46,-29
2013-05-22 14:35:12,gagnerouperdretelleestlaquestion?,Hampus Eriksson.0000,6338,5785,0.0,6289,5832,-49,47
2013-05-22 14:43:47,Andrew Iannaccone,Rabid,6194,6801,0.0,6171,6838,-23,37
2013-05-22 14:53:56,LESPEUTERE,Qvist,6703,6048,0.5,6700,6088,-3,40
2013-05-22 15:38:12,Twistedarcher,Wandering Winder,5748,6620,0.0,5713,6662,-35,42
2013-05-22 15:55:08,Andrew Iannaccone,Twistedarcher,6125,5713,1.0,6153,5666,28,-47
2013-05-22 16:36:14,A Drowned Kernel,Wandering Winder,6288,6642,0.0,6243,6692,-45,50
2013-05-22 16:44:23,Andrew Iannaccone,SheCantSayNo,6142,6315,1.0,6175,6282,33,-33
2013-05-22 16:54:13,Andrew Iannaccone,SheCantSayNo,6175,6282,1.0,6208,6250,33,-32
2013-05-22 16:56:26,nidzela,Twistedarcher,5873,5666,0.0,5838,5730,-35,64
2013-05-22 17:05:47,Adam Horton,Qvist,6097,6023,0.0,6027,6122,-70,99
2013-05-22 17:08:01,Andrew Iannaccone,SheCantSayNo,6208,6250,1.0,6240,6218,32,-32
2013-05-22 17:15:10,Adam Horton,Qvist,6027,6122,0.0,5962,6212,-65,90
2013-05-22 17:17:39,Andrew Iannaccone,SheCantSayNo,6240,6218,0.0,6209,6250,-31,32
2013-05-22 17:52:08,Boodaloo,strongpoet,6827,5690,1.0,6851,5670,24,-20
2013-05-22 18:05:26,strongpoet,toaster,5695,5803,1.0,5734,5755,39,-48
2013-05-22 18:15:08,Andrew Iannaccone,SheCantSayNo,6182,6281,0.0,6153,6311,-29,30
2013-05-22 18:27:03,Andrew Iannaccone,SheCantSayNo,6153,6311,1.0,6186,6278,33,-33
2013-05-22 18:27:45,A Drowned Kernel,strongpoet,6229,5734,0.0,6167,5778,-62,44
2013-05-22 18:35:50,Kirian,strongpoet,5741,5778,0.0,5690,5815,-51,37
2013-05-22 18:53:59,A Drowned Kernel,Snorkelbike,6206,5995,1.0,6261,5938,55,-57
2013-05-22 19:38:28,David Hunter,Polk5440,6055,6000,0.0,6022,6107,-33,107
2013-05-22 20:35:18,David Hunter,Slyfox,6022,6315,1.0,6070,6270,48,-45
2013-05-22 20:54:45,Perna,SM.SM,6128,5773,0.0,6092,5820,-36,47
2013-05-22 21:31:11,cfo,Slyfox,5787,6221,1.0,5832,6176,45,-45
2013-05-22 21:59:01,David Hunter,Slyfox,6191,6137,0.0,6154,6180,-37,43
2013-05-22 22:09:48,jaybeez,LazyDog,5857,5743,0.0,5822,5824,-35,81
2013-05-22 22:19:06,David Hunter,Slyfox,6154,6180,0.0,6117,6222,-37,42
2013-05-22 22:24:54,LazyDog,Robz888,5824,6418,0.0,5774,6466,-50,48
2013-05-22 22:48:12,flyingkuyt,jaybeez,6276,5802,1.0,6306,5772,30,-30
2013-05-22 23:24:11,flyingkuyt,jaybeez,6322,5817,1.0,6351,5787,29,-30
2013-05-23 00:36:29,Dumbassador,kilgoretrout103,6243,6294,1.0,6285,6260,42,-34
2013-05-23 00:52:49,flyingkuyt,kilgoretrout103,6259,6226,0.0,6227,6263,-32,37
2013-05-23 01:54:03,LESPEUTERE,SheCantSayNo,6793,6324,1.0,6820,6299,27,-25
2013-05-23 01:58:30,LESPEUTERE,SheCantSayNo,6820,6299,1.0,6847,6275,27,-24
2013-05-23 03:44:56,Dumbassador,SheCantSayNo,6161,6278,1.0,6205,6245,44,-33
2013-05-23 04:34:36,Lekkit,stirfry_pal,6164,5653,1.0,6196,5620,32,-33
2013-05-23 04:35:16,Dumbassador,RTT,6167,6568,0.0,6136,6607,-31,39
2013-05-23 04:39:10,Dumbassador,SheCantSayNo,6136,6284,0.0,6100,6316,-36,32
2013-05-23 04:48:14,Dumbassador,SheCantSayNo,6100,6316,0.0,6065,6347,-35,31
2013-05-23 05:18:12,Dumbassador,Stef,6035,6613,0.0,6006,6643,-29,30
2013-05-23 05:48:12,Dumbassador,Stef,6006,6643,1.0,6057,6600,51,-43
2013-05-23 06:03:44,Dumbassador,Stef,6057,6600,0.0,6028,6630,-29,30
2013-05-23 06:58:32,LazyDog,Stef,5954,6618,0.0,5907,6648,-47,30
2013-05-23 07:10:20,LazyDog,Stef,5907,6648,0.0,5862,6677,-45,29
2013-05-23 07:12:32,Davio,sangatsu,5971,5714,1.0,6048,5682,77,-32
2013-05-23 07:20:18,Davio,sangatsu,6048,5682,1.0,6120,5652,72,-30
2013-05-23 07:22:03,attrill,yed,5895,5721,1.0,5951,5684,56,-37
2013-05-23 07:22:23,LazyDog,Masschy,5862,6072,0.0,5807,6112,-55,40
2013-05-23 07:31:51,Chris Martin,Stef,5732,6677,0.0,5695,6702,-37,25
2013-05-23 07:55:08,Hampus Eriksson.0000,thom_bund,5719,5702,0.5,5724,5708,5,6
2013-05-23 08:20:38,A Drowned Kernel,Jason Chan,6396,5689,1.0,6440,5635,44,-54
2013-05-23 08:22:36,Hao Chu,Lotoreo,5766,5761,1.0,5806,5726,40,-35
2013-05-23 08:23:22,awaclus,Stef,5706,6730,1.0,5831,6688,125,-42
2013-05-23 08:24:04,Hampus Eriksson.0000,thom_bund,5762,5668,1.0,5798,5630,36,-38
2013-05-23 08:40:23,awaclus,Stef,5831,6688,0.0,5776,6716,-55,28
2013-05-23 08:41:25,HandKnit,Schlippy,5759,5657,0.0,5723,5740,-36,83
2013-05-23 09:21:21,LESPEUTERE,Schlippy,6783,5800,1.0,6809,5754,26,-46
2013-05-23 09:28:14,SheCantSayNo,Stef,6449,6698,1.0,6486,6661,37,-37
2013-05-23 09:56:36,Andrew Iannaccone,Lotoreo,6306,5777,1.0,6332,5748,26,-29
2013-05-23 10:06:00,Andrew Iannaccone,Lotoreo,6332,5748,1.0,6357,5721,25,-27
2013-05-23 10:19:57,Andrew Iannaccone,Lotoreo,6357,5721,0.0,6319,5767,-38,46
2013-05-23 10:39:02,Andrew Iannaccone,Lotoreo,6281,5812,1.0,6308,5784,27,-28
2013-05-23 10:56:34,Andrew Iannaccone,Lotoreo,6308,5784,0.5,6301,5797,-7,13
2013-05-23 11:06:36,Andrew Iannaccone,Lotoreo,6301,5797,1.0,6327,5770,26,-27
2013-05-23 11:35:06,RTT,Twistedarcher,6578,5763,1.0,6612,5725,34,-38
2013-05-23 11:50:26,RTT,Twistedarcher,6612,5725,1.0,6644,5689,32,-36
2013-05-23 12:06:02,bearskinrug,Ixius,5632,6047,1.0,5687,5879,55,-168
2013-05-23 12:15:08,qmech,Twistedarcher,6421,5689,1.0,6490,5655,69,-34
2013-05-23 13:16:11,Twistedarcher,Wandering Winder,5680,6660,0.0,5649,6698,-31,38
2013-05-23 13:21:01,Rabid,secret tunnel,6786,5646,0.0,6722,5683,-64,37
2013-05-23 13:24:09,HydrogenBond,YeahBoooey,5631,5731,1.0,5681,5686,50,-45
2013-05-23 14:27:00,Perry Green,Troninho,6036,6009,0.0,5972,6060,-64,51
2013-05-23 14:28:18,Jeebus,Psyduck,6574,5803,1.0,6627,5761,53,-42
2013-05-23 14:34:04,florrat,YeahBoooey,6149,5686,0.0,6051,5658,-98,-28
2013-05-23 14:44:35,Drogulus,LESPEUTERE,5883,6731,1.0,5844,6695,-39,-36
2013-05-23 14:46:24,Perry Green,Troninho,5972,6060,1.0,6045,6020,73,-40
2013-05-23 14:58:26,majormajor,Troninho,6023,6020,0.0,5986,6067,-37,47
2013-05-23 15:04:02,majormajor,Troninho,5986,6067,1.0,6029,6025,43,-42
2013-05-23 15:18:52,SheCantSayNo,Wandering Winder,6509,6629,0.0,6481,6679,-28,50
2013-05-23 15:43:09,SheCantSayNo,Troninho,6504,6071,1.0,6532,6037,28,-34
2013-05-23 15:52:25,LESPEUTERE,Wandering Winder,6671,6727,1.0,6707,6679,36,-48
2013-05-23 16:01:12,LESPEUTERE,Wandering Winder,6707,6679,0.0,6676,6730,-31,51
2013-05-23 16:10:42,LESPEUTERE,Wandering Winder,6676,6730,1.0,6713,6683,37,-47
2013-05-23 16:18:03,LESPEUTERE,Wandering Winder,6713,6683,1.0,6748,6638,35,-45
2013-05-23 17:37:37,Andrew Iannaccone,LazyDog,6372,5807,1.0,6400,5759,28,-48
2013-05-23 17:47:45,Andrew Iannaccone,Twistedarcher,6400,5888,0.0,6365,5949,-35,61
2013-05-23 18:26:32,dudeabides,kilgoretrout103,5942,6161,1.0,5989,6126,47,-35
2013-05-23 18:35:15,Andrew Iannaccone,LazyDog,6398,5753,1.0,6424,5710,26,-43
2013-05-23 18:43:45,Andrew Iannaccone,hiroki,6424,6005,1.0,6452,5968,28,-37
2013-05-23 19:54:19,flyingkuyt,hiroki,6203,6035,0.0,6170,6082,-33,47
2013-05-23 20:15:34,Andrew Iannaccone,LazyDog,6479,5655,0.0,6440,5686,-39,31
2013-05-23 21:08:30,kilgoretrout103,Slyfox,6112,6201,1.0,6149,6159,37,-42
2013-05-23 21:12:08,flyingkuyt,Perna,6169,6121,1.0,6202,6089,33,-32
2013-05-23 21:22:28,kilgoretrout103,Slyfox,6149,6159,0.0,6117,6203,-32,44
2013-05-23 22:26:10,flyingkuyt,Perry Green,6223,6095,1.0,6257,6036,34,-59
2013-05-23 22:42:14,hiroki,Perry Green,6098,6036,0.0,6063,6104,-35,68
2013-05-23 23:21:10,hiroki,jaybeez,6063,5749,1.0,6099,5715,36,-34
2013-05-23 23:29:17,hiroki,jaybeez,6099,5715,0.0,6057,5764,-42,49
2013-05-23 23:40:00,David Hunter,jaybeez,6169,5764,1.0,6206,5733,37,-31
2013-05-24 00:11:40,David Hunter,Toblakai,6241,5663,0.0,6193,5709,-48,46
2013-05-24 01:20:35,RTT,yed,6603,5914,0.0,6554,5971,-49,57
2013-05-24 03:19:28,Lagrangian,Stef,6201,6756,1.0,6268,6719,67,-37
2013-05-24 03:26:18,Lagrangian,Stef,6244,6700,0.0,6201,6732,-43,32
2013-05-24 03:57:57,Stef,yed,6732,6000,1.0,6760,5970,28,-30
2013-05-24 04:43:29,RTT,Stef,6504,6787,0.0,6468,6820,-36,33
2013-05-24 04:57:23,Dumbassador,RTT,5983,6468,1.0,6031,6421,48,-47
2013-05-24 06:07:26,flyingkuyt,thom_bund,6195,5662,0.0,6157,5715,-38,53
2013-05-24 06:16:05,flyingkuyt,thom_bund,6157,5715,0.0,6121,5766,-36,51
2013-05-24 06:34:52,dudeabides,Watno,5881,6578,0.0,5853,6616,-28,38
2013-05-24 06:54:21,flyingkuyt,strongpoet,6083,5636,1.0,6111,5608,28,-28
2013-05-24 07:10:09,Jeebus,nnn,6647,5789,1.0,6701,5751,54,-38
2013-05-24 07:12:14,flyingkuyt,thom_bund,6135,5756,1.0,6163,5723,28,-33
2013-05-24 07:18:28,LESPEUTERE,Stef,6807,6810,1.0,6843,6777,36,-33
2013-05-24 07:19:39,dudeabides,flyingkuyt,5773,6163,0.0,5740,6192,-33,29
2013-05-24 07:39:45,LESPEUTERE,Stef,6843,6777,0.0,6809,6814,-34,37
2013-05-24 07:57:06,nnn,Pex Golder,5825,6100,0.0,5789,6274,-36,174
2013-05-24 09:46:05,attrill,kenyou2859,5726,6042,1.0,5789,5981,63,-61
2013-05-24 09:48:41,LESPEUTERE,secret tunnel,6845,5658,0.0,6798,5751,-47,93
2013-05-24 09:51:40,Twistedarcher,yed,5962,5974,1.0,6014,5936,52,-38
2013-05-24 09:59:08,flyingkuyt,Lekkit,6066,6068,1.0,6098,6032,32,-36
2013-05-24 10:32:01,Jeebus,Twistedarcher,6734,6036,1.0,6787,6005,53,-31
2013-05-24 10:52:08,Jason Chan,Jeebus,5635,6787,1.0,5689,6702,54,-85
2013-05-24 11:04:20,Jason Chan,Jeebus,5689,6702,1.0,5804,6624,115,-78
2013-05-24 11:15:22,Lekkit,Twistedarcher,5923,6005,0.0,5891,6053,-32,48
2013-05-24 11:22:23,Lekkit,Twistedarcher,5891,6053,1.0,5932,6005,41,-48
2013-05-24 11:26:50,dudeabides,Stef,5902,6785,0.0,5877,6809,-25,24
2013-05-24 11:47:03,kn1tt3r,Stef,5801,6809,1.0,5950,6770,149,-39
2013-05-24 12:03:14,thom_bund,Wandering Winder,5741,6718,0.0,5718,6751,-23,33
2013-05-24 12:07:16,thom_bund,Wandering Winder,5718,6751,0.0,5695,6782,-23,31
2013-05-24 12:15:27,thom_bund,Wandering Winder,5695,6782,0.0,5673,6812,-22,30
2013-05-24 12:25:06,Stef,yed,6817,6038,1.0,6842,6010,25,-28
2013-05-24 13:23:25,Stef,YeahBoooey,6842,5795,1.0,6864,5767,22,-28
2013-05-24 13:34:32,Stef,Troninho,6864,6181,1.0,6890,6152,26,-29
2013-05-24 13:52:04,Andrew Iannaccone,Stef,6529,6890,0.0,6502,6919,-27,29
2013-05-24 14:35:06,Andrew Iannaccone,SheCantSayNo,6436,6577,0.0,6407,6609,-29,32
2013-05-24 14:38:24,Stef,Troninho,6949,6222,0.0,6909,6275,-40,53
2013-05-24 14:41:21,heron,wicket,5636,5761,1.0,5704,5713,68,-48
2013-05-24 14:49:29,Stef,Troninho,6909,6275,1.0,6935,6246,26,-29
2013-05-24 15:02:14,Stef,Troninho,6935,6246,0.0,6895,6297,-40,51
2013-05-24 15:02:19,Robz888,wicket,6344,5713,0.0,6286,5783,-58,70
2013-05-24 15:08:25,Andrew Iannaccone,SheCantSayNo,6407,6609,1.0,6442,6575,35,-34
2013-05-24 15:32:53,Stef,Troninho,6895,6297,0.5,6887,6314,-8,17
2013-05-24 15:49:06,Fabian,Stef,5823,6887,0.5,5857,6871,34,-16
2013-05-24 15:53:02,Andrew Iannaccone,SheCantSayNo,6482,6539,1.0,6515,6506,33,-33
2013-05-24 16:03:14,Andrew Iannaccone,SheCantSayNo,6579,6443,0.0,6547,6478,-32,35
2013-05-24 16:04:24,Fabian,Stef,5857,6871,0.0,5829,6893,-28,22
2013-05-24 16:24:05,Fabian,Stef,5897,6850,0.0,5868,6872,-29,22
2013-05-24 16:51:05,Fabian,Stef,5840,6893,0.0,5813,6914,-27,21
2013-05-24 17:02:17,heron,SheCantSayNo,5703,6407,0.0,5662,6433,-41,26
2013-05-24 17:45:18,Beyond Awesome,SheCantSayNo,5910,6497,0.0,5872,6524,-38,27
2013-05-24 17:45:34,Jeebus,Twistedarcher,6441,6053,1.0,6491,6018,50,-35
2013-05-24 17:48:54,jaybeez,Sean Soria.0000,5749,5715,0.0,5708,5751,-41,36
2013-05-24 18:14:11,kilgoretrout103,Twistedarcher,6270,5963,1.0,6303,5925,33,-38
2013-05-24 21:05:26,kilgoretrout103,Perna,6404,6044,1.0,6435,6015,31,-29
2013-05-24 22:22:11,Perna,Twistedarcher,6019,5916,1.0,6054,5875,35,-41
2013-05-25 00:12:06,flyingkuyt,yed,6233,6092,1.0,6263,6056,30,-36
2013-05-25 00:26:19,jaybeez,SM.SM,5672,5682,1.0,5677,5645,5,-37
2013-05-25 00:40:26,SM.SM,yed,5645,6084,1.0,5692,6041,47,-43
2013-05-25 02:32:15,sami1,Stef,5754,6875,1.0,5945,6839,191,-36
2013-05-25 02:39:19,RTT,yed,6371,5849,0.0,6326,5895,-45,46
2013-05-25 03:02:31,Fabian,SheCantSayNo,5830,6500,0.0,5799,6525,-31,25
2013-05-25 03:06:39,sami1,SheCantSayNo,6024,6525,0.0,5923,6557,-101,32
2013-05-25 03:07:11,RTT,Stef,6374,6820,0.0,6343,6847,-31,27
2013-05-25 03:09:12,Perna,Zan,6081,5780,1.0,6111,5750,30,-30
2013-05-25 03:17:13,sami1,SheCantSayNo,5923,6557,1.0,6069,6526,146,-31
2013-05-25 03:47:16,Andrew Iannaccone,Stef,6557,6790,0.0,6527,6822,-30,32
2013-05-25 03:51:18,flyingkuyt,SheCantSayNo,6213,6541,1.0,6250,6504,37,-37
2013-05-25 04:13:30,flyingkuyt,wicket,6222,5806,1.0,6251,5763,29,-43
2013-05-25 04:22:27,Andrew Iannaccone,Stef,6471,6882,0.0,6443,6910,-28,28
2013-05-25 04:36:03,Andrew Iannaccone,Stef,6443,6910,0.0,6417,6938,-26,28
2013-05-25 04:38:08,flyingkuyt,Perna,6271,6101,1.0,6302,6069,31,-32
2013-05-25 04:44:57,flyingkuyt,Perna,6302,6069,0.0,6268,6108,-34,39
2013-05-25 04:54:51,Emeric,RTT,6150,6374,1.0,6199,6333,49,-41
2013-05-25 05:06:03,Lotoreo,yed,5794,5873,1.0,5833,5836,39,-37
2013-05-25 05:38:37,Andrew Iannaccone,Stef,6431,6927,1.0,6472,6889,41,-38
2013-05-25 05:43:33,flyingkuyt,sami1,6319,5886,1.0,6350,5810,31,-76
2013-05-25 05:52:38,Andrew Iannaccone,Stef,6472,6889,1.0,6511,6852,39,-37
2013-05-25 06:04:59,sami1,Wandering Winder,5886,7039,0.0,5839,7073,-47,34
2013-05-25 06:47:24,flyingkuyt,theParty,6393,5661,0.0,6354,5643,-39,-18
2013-05-25 07:01:18,Lotoreo,sami1,5833,5839,0.0,5803,5925,-30,86
2013-05-25 07:08:11,Jeebus,Watno,6505,6604,1.0,6568,6560,63,-44
2013-05-25 07:08:21,Dumbassador,Stef,6068,6839,0.0,6040,6863,-28,24
2013-05-25 07:42:08,dudeabides,Jeebus,5787,6568,0.0,5763,6610,-24,42
2013-05-25 08:04:31,Perna,Tombery,6007,6070,1.0,6047,5989,40,-81
2013-05-25 08:14:05,nate_w,yed,5630,5864,1.0,5650,5832,20,-32
2013-05-25 08:15:06,Stef,Watno,6952,6444,0.0,6915,6501,-37,57
2013-05-25 08:15:30,flyingkuyt,Wandering Winder,6316,6982,0.0,6294,7016,-22,34
2013-05-25 08:23:18,flyingkuyt,Wandering Winder,6294,7016,0.0,6272,7049,-22,33
2013-05-25 08:51:08,Gandi,Wandering Winder,5654,7066,1.0,5661,7007,7,-59
2013-05-25 08:57:01,Stef,Watno,6880,6556,0.0,6847,6608,-33,52
2013-05-25 09:08:21,Hampus Eriksson.0000,Wandering Winder,5823,7007,0.0,5803,7033,-20,26
2013-05-25 09:11:09,Stef,Watno,6847,6608,1.0,6877,6569,30,-39
2013-05-25 09:22:30,dudeabides,yed,5872,5848,0.0,5836,5886,-36,38
2013-05-25 09:27:33,dudeabides,Wandering Winder,5836,7070,0.0,5816,7095,-20,25
2013-05-25 09:31:34,Stef,Watno,6877,6569,1.0,6907,6532,30,-37
2013-05-25 09:50:44,Stef,Watno,6907,6532,1.0,6935,6496,28,-36
2013-05-25 10:16:11,Jason Chan,Wandering Winder,5776,6987,0.0,5733,7015,-43,28
2013-05-25 10:21:21,Jason Chan,Wandering Winder,5733,7015,1.0,5856,6961,123,-54
2013-05-25 10:28:05,dudeabides,Troninho,5926,6256,0.0,5895,6292,-31,36
2013-05-25 10:43:43,dudeabides,Troninho,5895,6292,0.0,5866,6327,-29,35
2013-05-25 10:46:06,markusin,Stef,5692,6963,0.0,5663,6982,-29,19
2013-05-25 11:04:52,Hao Chu,Wandering Winder,5815,7002,1.0,5880,6945,65,-57
2013-05-25 11:38:21,Stef,Troninho,6886,6334,1.0,6911,6305,25,-29
2013-05-25 11:50:12,David Hunter,kilgoretrout103,6166,6282,0.0,6127,6319,-39,37
2013-05-25 11:55:17,nate_w,Troninho,5831,6305,1.0,5986,6270,155,-35
2013-05-25 12:09:29,kilgoretrout103,Stef,6283,6929,0.0,6256,6953,-27,24
2013-05-25 12:17:12,kilgoretrout103,Stef,6256,6953,0.0,6230,6977,-26,24
2013-05-25 12:17:34,SM.SM,Troninho,5672,6302,1.0,5695,6256,23,-46
2013-05-25 12:27:57,SM.SM,Troninho,5695,6256,1.0,5746,6213,51,-43
2013-05-25 12:46:18,SheCantSayNo,Stef,6569,7004,0.0,6542,7030,-27,26
2013-05-25 13:02:27,SheCantSayNo,Stef,6542,7030,1.0,6583,6994,41,-36
2013-05-25 13:10:21,Hampus Eriksson.0000,HandKnit,5765,5703,0.0,5729,5676,-36,-27
2013-05-25 13:13:32,SheCantSayNo,Stef,6583,6994,1.0,6622,6959,39,-35
2013-05-25 13:25:18,SheCantSayNo,Stef,6622,6959,0.0,6594,6986,-28,27
2013-05-25 13:30:23,Hampus Eriksson.0000,majormajor,5729,6082,1.0,5773,6036,44,-46
2013-05-25 13:31:32,Andrew Iannaccone,Watno,6487,6464,1.0,6521,6424,34,-40
2013-05-25 13:43:56,Andrew Iannaccone,Watno,6521,6424,1.0,6553,6386,32,-38
2013-05-25 14:09:24,dudeabides,Zan,6018,5794,1.0,6015,5802,-3,8
2013-05-25 14:10:09,SheCantSayNo,Wandering Winder,6536,6917,0.0,6510,6950,-26,33
2013-05-25 14:16:32,Andrew Iannaccone,Watno,6615,6313,1.0,6645,6278,30,-35
2013-05-25 14:25:19,SheCantSayNo,Wandering Winder,6549,6908,1.0,6587,6867,38,-41
2013-05-25 14:26:42,Stef,yed,7006,5941,1.0,7025,5919,19,-22
2013-05-25 14:32:29,Andrew Iannaccone,Watno,6673,6245,1.0,6701,6212,28,-33
2013-05-25 14:35:37,SheCantSayNo,Wandering Winder,6587,6867,0.0,6560,6901,-27,34
2013-05-25 14:39:48,Stef,Zan,7025,5835,1.0,7044,5815,19,-20
2013-05-25 14:47:32,SM.SM,Troninho,5741,6308,1.0,5791,6265,50,-43
2013-05-25 15:12:08,SM.SM,Troninho,5838,6224,0.0,5807,6256,-31,32
2013-05-25 15:23:06,Mic Qsenoch,Stef,5628,7066,1.0,5741,7022,113,-44
2013-05-25 15:24:20,SM.SM,Troninho,5807,6256,1.0,5854,6216,47,-40
2013-05-25 15:28:00,csu,dudeabides,5659,6041,1.0,5702,6003,43,-38
2013-05-25 15:34:10,David Hunter,Stef,6147,7022,0.0,6118,7044,-29,22
2013-05-25 15:40:04,SM.SM,Troninho,5854,6216,1.0,5899,6177,45,-39
2013-05-25 15:42:29,Andrew Iannaccone,SheCantSayNo,6668,6601,1.0,6699,6570,31,-31
2013-05-25 15:50:40,theParty,wicket,5702,5807,1.0,5676,5757,-26,-50
2013-05-25 16:01:36,majormajor,Stef,5899,7066,0.0,5876,7084,-23,18
2013-05-25 16:01:40,HandKnit,Troninho,5695,6142,1.0,5743,6103,48,-39
2013-05-25 16:57:12,Stef,Troninho,7084,6103,1.0,7105,6080,21,-23
2013-05-25 17:27:01,kilgoretrout103,SheCantSayNo,6249,6506,0.0,6217,6535,-32,29
2013-05-25 17:50:00,Mic Qsenoch,SheCantSayNo,5854,6520,1.0,5958,6486,104,-34
2013-05-25 20:04:04,kilgoretrout103,Slyfox,6218,6159,1.0,6255,6115,37,-44
2013-05-25 20:45:10,Slyfox,SM.SM,6102,5987,0.0,6057,6027,-45,40
2013-05-25 21:06:08,Slyfox,SM.SM,6057,6027,1.0,6104,5995,47,-32
2013-05-25 22:08:08,Sean Soria.0000,theParty,5823,5673,0.0,5787,5717,-36,44
2013-05-25 23:04:04,jaybeez,kilgoretrout103,5823,6255,1.0,5872,6216,49,-39
2013-05-26 00:29:23,sangatsu,SM.SM,5816,5966,1.0,5862,5932,46,-34
2013-05-26 01:11:02,Hao Chu,yed,5951,5919,1.0,5992,5886,41,-33
2013-05-26 02:04:29,SheCantSayNo,yed,6474,5880,1.0,6498,5853,24,-27
2013-05-26 02:27:57,Hao Chu,SheCantSayNo,6024,6460,0.0,5991,6487,-33,27
2013-05-26 02:42:08,Hao Chu,SM.SM,5991,5841,0.0,5951,5878,-40,37
2013-05-26 03:00:12,Hao Chu,SM.SM,5951,5884,0.0,5913,5921,-38,37
2013-05-26 03:29:08,Hao Chu,SM.SM,5895,5905,0.0,5856,5943,-39,38
2013-05-26 04:02:14,Perna,Psyduck,6050,5859,1.0,6087,5798,37,-61
2013-05-26 04:11:08,sami1,SM.SM,6084,5950,1.0,6159,5922,75,-28
2013-05-26 04:23:21,kn1tt3r,Psyduck,6054,5798,0.0,5959,5885,-95,87
2013-05-26 04:36:40,kn1tt3r,Psyduck,5959,5885,1.0,6059,5833,100,-52
2013-05-26 05:42:26,Perna,sami1,6178,6146,0.0,6148,6220,-30,74
2013-05-26 06:20:06,RTT,SheCantSayNo,6472,6387,1.0,6513,6358,41,-29
2013-05-26 06:24:57,RTT,SheCantSayNo,6513,6358,0.0,6472,6393,-41,35
2013-05-26 07:16:25,sami1,SheCantSayNo,6317,6447,0.0,6258,6480,-59,33
2013-05-26 08:05:25,Pex Golder,SheCantSayNo,5952,6471,0.0,5790,6504,-162,33
2013-05-26 08:08:02,black drake,sami1,5755,6277,0.0,5711,6332,-44,55
2013-05-26 08:26:32,Jeebus,LESPEUTERE,6674,6720,0.0,6621,6759,-53,39
2013-05-26 08:28:43,lightbulb,sami1,6079,6375,1.0,6125,6313,46,-62
2013-05-26 09:11:08,dudeabides,yed,6153,5904,1.0,6187,5872,34,-32
2013-05-26 10:28:17,dudeabides,Watno,6139,6285,0.0,6108,6326,-31,41
2013-05-26 10:33:04,black drake,RTT,5893,6416,0.0,5853,6451,-40,35
2013-05-26 10:47:29,David Hunter,Zan,6141,5906,1.0,6184,5877,43,-29
2013-05-26 11:05:49,Jeebus,sami1,6725,6353,1.0,6777,6314,52,-39
2013-05-26 11:49:27,LazyDog,wicket,5646,5786,1.0,5686,5743,40,-43
2013-05-26 11:58:10,dudeabides,wicket,5940,5743,1.0,5974,5705,34,-38
2013-05-26 12:16:18,attrill,Lagrangian,5780,6062,0.0,5738,6120,-42,58
2013-05-26 12:19:57,Watno,yed,6464,5924,0.0,6417,5970,-47,46
2013-05-26 12:20:53,dudeabides,Hampus Eriksson.0000,5974,5718,1.0,6006,5687,32,-31
2013-05-26 12:32:54,Watno,yed,6417,5970,1.0,6452,5942,35,-28
2013-05-26 13:11:38,Niuz,Watno,6287,6444,0.0,6017,6495,-270,51
2013-05-26 13:13:43,dudeabides,SheCantSayNo,6050,6528,0.0,6022,6555,-28,27
2013-05-26 13:48:00,Watno,yed,6471,6062,0.0,6428,6104,-43,42
2013-05-26 14:21:39,Rabid,RTT,6638,6507,1.0,6694,6474,56,-33
2013-05-26 14:35:40,majormajor,Watno,6007,6431,0.5,6022,6426,15,-5
2013-05-26 16:52:42,jaybeez,SheCantSayNo,5983,6544,1.0,6033,6508,50,-36
2013-05-26 17:01:40,jaybeez,SheCantSayNo,6033,6508,1.0,6081,6472,48,-36
2013-05-26 18:13:31,Drab Emordnilap,Eevee,6808,5680,0.0,6490,5860,-318,180
2013-05-26 18:16:01,sami1,SheCantSayNo,6309,6450,0.0,6271,6481,-38,31
2013-05-26 18:26:20,Drab Emordnilap,Eevee,6490,5860,0.0,6249,6052,-241,192
2013-05-26 20:16:19,A Drowned Kernel,Andrew Iannaccone,6367,6693,0.0,6316,6725,-51,32
2013-05-26 20:42:40,Andrew Iannaccone,Slyfox,6691,5882,1.0,6715,5854,24,-28
2013-05-26 21:35:17,Andrew Iannaccone,Robz888,6738,6302,0.0,6702,6361,-36,59
2013-05-26 21:53:56,lightbulb,sami1,6196,6370,0.0,6163,6408,-33,38
2013-05-26 22:01:55,HandKnit,Slyfox,5887,5733,0.0,5848,5778,-39,45
2013-05-26 22:04:06,lightbulb,sami1,6163,6408,0.0,6132,6446,-31,38
2013-05-26 22:12:03,HandKnit,Slyfox,5848,5778,0.0,5811,5820,-37,42
2013-05-26 22:24:12,HandKnit,Slyfox,5811,5820,1.0,5852,5783,41,-37
2013-05-26 22:47:28,A Drowned Kernel,Andrew Iannaccone,6425,6535,1.0,6488,6505,63,-30
2013-05-26 22:57:15,sami1,Slyfox,6236,5832,0.0,6194,5879,-42,47
2013-05-26 23:13:01,Andrew Iannaccone,SM.SM,6468,6086,0.0,6433,6126,-35,40
2013-05-26 23:24:04,Andrew Iannaccone,SM.SM,6433,6126,1.0,6461,6097,28,-29
2013-05-26 23:36:04,Perna,SM.SM,6180,6097,1.0,6213,6066,33,-31
2013-05-27 00:13:38,HandKnit,kilgoretrout103,5864,6202,1.0,5909,6166,45,-36
2013-05-27 01:28:26,Andrew Iannaccone,SM.SM,6461,6140,0.0,6426,6178,-35,38
2013-05-27 01:36:29,Andrew Iannaccone,flyingkuyt,6426,6254,0.0,6393,6290,-33,36
2013-05-27 01:40:30,HandKnit,Stef,5962,7086,0.0,5939,7107,-23,21
2013-05-27 02:06:06,sami1,SM.SM,6093,6234,1.0,6133,6200,40,-34
2013-05-27 02:16:01,Andrew Iannaccone,Stef,6413,7107,0.0,6390,7132,-23,25
2013-05-27 02:25:29,Andrew Iannaccone,LESPEUTERE,6390,6574,0.0,6361,6607,-29,33
2013-05-27 02:42:42,Andrew Iannaccone,Lagrangian,6383,6005,0.0,6350,6070,-33,65
2013-05-27 02:47:07,Dumbassador,SM.SM,6035,6253,1.0,6081,6219,46,-34
2013-05-27 02:51:50,Andrew Iannaccone,Lagrangian,6350,6070,0.0,6318,6131,-32,61
2013-05-27 02:53:51,flyingkuyt,Stef,6325,7132,1.0,6370,7089,45,-43
2013-05-27 02:55:08,black drake,LESPEUTERE,5745,6640,1.0,5808,6595,63,-45
2013-05-27 04:55:09,Dumbassador,Lekkit,6134,5882,0.5,6133,5892,-1,10
2013-05-27 06:06:33,LESPEUTERE,Stef,6544,7173,1.0,6591,7131,47,-42
2013-05-27 06:18:57,LESPEUTERE,Stef,6591,7131,0.5,6607,7123,16,-8
2013-05-27 06:45:02,LESPEUTERE,Stef,6651,7084,0.0,6623,7113,-28,29
2013-05-27 07:45:15,Stef,yed,7136,6150,1.0,7159,6128,23,-22
2013-05-27 07:54:17,Stef,yed,7159,6128,0.0,7112,6180,-47,52
2013-05-27 08:06:43,Stef,yed,7112,6180,1.0,7135,6158,23,-22
2013-05-27 08:13:16,LESPEUTERE,Watno,6623,6282,1.0,6655,6249,32,-33
2013-05-27 08:55:17,LESPEUTERE,Watno,6676,6236,0.0,6637,6283,-39,47
2013-05-27 09:00:17,heron,RTT,5874,6475,0.0,5839,6508,-35,33
2013-05-27 09:06:41,Stef,yed,7157,6135,1.0,7179,6114,22,-21
2013-05-27 09:09:06,Jason Chan,Watno,6191,6283,1.0,6271,6249,80,-34
2013-05-27 09:50:03,RTT,yed,6455,6114,0.0,6413,6155,-42,41
2013-05-27 10:05:30,RTT,yed,6413,6155,1.0,6449,6125,36,-30
2013-05-27 21:08:55,jaybeez,SM.SM,6134,6241,1.0,6177,6207,43,-34
2013-05-27 21:28:00,Perna,zporiri,6129,5775,1.0,6164,5688,35,-87
2013-05-27 21:29:31,Andrew Iannaccone,SM.SM,6227,6207,0.0,6197,6242,-30,35
2013-05-27 21:35:17,Andrew Iannaccone,SM.SM,6197,6242,1.0,6230,6208,33,-34
2013-05-27 21:36:36,A Drowned Kernel,jaybeez,6352,6092,0.0,6292,6138,-60,46
2013-05-27 22:29:16,Andrew Iannaccone,hiroki,6264,6180,1.0,6295,6140,31,-40
2013-05-27 22:53:44,kilgoretrout103,SM.SM,6023,6175,0.0,5992,6208,-31,33
2013-05-27 23:19:13,hiroki,WhiteRabbit1981,6050,5663,0.0,6004,5668,-46,5
2013-05-27 23:31:11,Andrew Iannaccone,SM.SM,6294,6213,1.0,6325,6181,31,-32
2013-05-27 23:43:01,Andrew Iannaccone,WhiteRabbit1981,6325,5668,0.0,6287,5713,-38,45
2013-05-28 00:34:08,Lagrangian,WhiteRabbit1981,6227,5766,1.0,6270,5740,43,-26
2013-05-28 00:45:06,kilgoretrout103,Perna,6085,6098,1.0,6120,6065,35,-33
2013-05-28 00:46:09,Andrew Iannaccone,Dumbassador,6278,6132,1.0,6308,6097,30,-35
2013-05-28 00:56:20,Andrew Iannaccone,Dumbassador,6308,6097,1.0,6337,6063,29,-34
2013-05-28 01:05:00,SM.SM,WhiteRabbit1981,6154,5696,1.0,6183,5669,29,-27
2013-05-28 01:46:26,Andrew Iannaccone,Lagrangian,6382,6200,0.0,6351,6251,-31,51
2013-05-28 02:02:03,Andrew Iannaccone,Lagrangian,6351,6251,0.0,6321,6301,-30,50
2013-05-28 02:42:08,Dumbassador,Perna,6018,6111,0.0,5984,6144,-34,33
2013-05-28 03:13:56,Jason Chan,nicololi,6346,5725,1.0,6404,5699,58,-26
2013-05-28 03:58:25,Lekkit,yed,6032,6136,0.0,5999,6172,-33,36
2013-05-28 04:36:22,Andrew Iannaccone,Lagrangian,6303,6278,0.0,6273,6329,-30,51
2013-05-28 05:52:00,Andrew Iannaccone,theParty,6215,5624,0.0,6178,5683,-37,59
2013-05-28 06:41:07,theParty,Troninho,5629,6065,1.0,5633,6020,4,-45
2013-05-28 06:58:36,Cruxis,Troninho,5665,5977,1.0,5722,5935,57,-42
2013-05-28 07:12:51,HandKnit,Troninho,5897,5935,0.0,5859,5977,-38,42
2013-05-28 07:30:55,Andrew Iannaccone,sangatsu,6201,5832,1.0,6231,5792,30,-40
2013-05-28 07:31:56,Masschy,yed,6271,6160,1.0,6313,6128,42,-32
2013-05-28 07:39:10,Jason Chan,kenyou2859,6247,5845,1.0,6312,5802,65,-43
2013-05-28 07:50:02,Cruxis,Troninho,5722,6007,1.0,5778,5967,56,-40
2013-05-28 08:15:06,Cruxis,Troninho,5737,6005,1.0,5791,5966,54,-39
2013-05-28 08:17:11,Stef,theParty,7147,5663,0.0,7093,5737,-54,74
2013-05-28 08:36:50,Cruxis,kenyou2859,5791,6016,0.0,5754,6070,-37,54
2013-05-28 08:50:02,Stef,theParty,7093,5737,1.0,7112,5715,19,-22
2013-05-28 09:07:18,lightbulb,Perna,6169,6094,0.0,6129,6132,-40,38
2013-05-28 09:17:13,RTT,Stef,6587,7142,0.0,6559,7171,-28,29
2013-05-28 10:07:19,loppo,Lotoreo,6032,5771,1.0,6112,5739,80,-32
2013-05-28 10:30:02,dudeabides,kilgoretrout103,5701,6074,0.0,5673,6105,-28,31
2013-05-28 10:32:07,Rabid,Troninho,6677,6089,1.0,6723,6063,46,-26
2013-05-28 10:41:50,dudeabides,kilgoretrout103,5673,6105,1.0,5714,6065,41,-40
2013-05-28 11:57:15,calimero,Emeric,5712,6111,0.0,5682,6149,-30,38
2013-05-28 12:18:15,Rabid,Watno,6723,6143,1.0,6769,6117,46,-26
2013-05-28 12:34:35,Cruxis,Emeric,5668,6167,0.0,5636,6203,-32,36
2013-05-28 12:35:02,Bishop_Zen,TrickStaR,5660,6229,1.0,5651,6164,-9,-65
2013-05-28 13:28:28,Hampus Eriksson.0000,Watno,5653,6148,1.0,5669,6105,16,-43
2013-05-28 13:43:27,Bishop_Zen,Hampus Eriksson.0000,5695,5669,0.0,5652,5706,-43,37
2013-05-28 14:10:06,theParty,Watno,5753,6168,1.0,5805,6129,52,-39
2013-05-28 14:36:38,Robz888,Watno,6316,6159,0.0,6271,6200,-45,41
2013-05-28 14:53:07,Troninho,Watno,6002,6200,1.0,6041,6163,39,-37
2013-05-28 15:07:09,Troninho,Watno,6041,6163,0.0,6009,6198,-32,35
2013-05-28 15:17:08,Troninho,Watno,6009,6198,1.0,6048,6162,39,-36
2013-05-28 15:22:04,attrill,dudeabides,6032,5685,0.5,6027,5697,-5,12
2013-05-28 18:14:16,LazyDog,Sean Soria.0000,5745,5858,0.0,5711,5897,-34,39
2013-05-28 22:37:21,A Drowned Kernel,David Hunter,6428,6076,0.0,6367,6133,-61,57
2013-05-28 22:48:00,A Drowned Kernel,David Hunter,6367,6133,0.0,6310,6187,-57,54
2013-05-28 23:07:09,David Hunter,Robz888,6235,6167,0.0,6193,6214,-42,47
2013-05-28 23:09:09,bama,jaybeez,5725,6105,0.0,5652,6146,-73,41
2013-05-29 00:42:00,Lagrangian,Sean Soria.0000,6334,5710,0.5,6321,5729,-13,19
2013-05-29 00:44:17,Dumbassador,kilgoretrout103,5956,5847,0.0,5917,5884,-39,37
2013-05-29 00:51:17,kilgoretrout103,Lagrangian,5884,6321,0.0,5858,6361,-26,40
2013-05-29 00:58:16,Dumbassador,kilgoretrout103,5947,5858,1.0,5986,5827,39,-31
2013-05-29 03:05:11,Andrew Iannaccone,yed,6374,6115,1.0,6403,6085,29,-30
2013-05-29 03:55:13,RTT,sami1,6410,6167,1.0,6447,6131,37,-36
2013-05-29 04:01:24,Andrew Iannaccone,Dumbassador,6400,5989,0.0,6363,6035,-37,46
2013-05-29 04:14:05,Andrew Iannaccone,RTT,6363,6447,1.0,6399,6409,36,-38
2013-05-29 04:40:09,Andrew Iannaccone,RTT,6434,6373,0.0,6401,6413,-33,40
2013-05-29 04:59:32,Dumbassador,Perna,6057,6097,1.0,6097,6063,40,-34
2013-05-29 05:06:10,LESPEUTERE,RTT,6491,6413,1.0,6530,6379,39,-34
2013-05-29 06:09:05,Dumbassador,Gary Wise,6131,5940,0.0,6098,6044,-33,104
2013-05-29 06:55:21,HydrogenBond,Lotoreo,5627,5792,1.0,5615,5749,-12,-43
2013-05-29 07:08:39,Lekkit,Lotoreo,6035,5749,1.0,6070,5713,35,-36
2013-05-29 07:19:43,flyingkuyt,sami1,6259,5960,1.0,6295,5928,36,-32
2013-05-29 07:35:09,attrill,theParty,5858,5745,1.0,5901,5707,43,-38
2013-05-29 08:06:23,kn1tt3r,sami1,5968,5992,1.0,6062,5961,94,-31
2013-05-29 08:17:29,kn1tt3r,sami1,6062,5961,0.0,5974,6006,-88,45
2013-05-29 08:20:35,Chuck Maurice,Troninho,6359,6076,0.0,6232,6125,-127,49
2013-05-29 08:30:05,Chuck Maurice,Troninho,6232,6125,0.0,6118,6170,-114,45
2013-05-29 08:33:00,dudeabides,flyingkuyt,5847,6376,1.0,5890,6332,43,-44
2013-05-29 08:57:11,Kay Jee,RTT,5645,6379,1.0,5712,6335,67,-44
2013-05-29 09:09:02,RTT,Troninho,6335,6113,0.0,6297,6154,-38,41
2013-05-29 09:10:21,flyingkuyt,Jason Chan,6364,6150,0.5,6368,6165,4,15
2013-05-29 09:16:17,theParty,yed,5730,6117,1.0,5779,6078,49,-39
2013-05-29 09:18:20,lightbulb,RTT,6328,6297,1.0,6371,6264,43,-33
2013-05-29 09:31:53,flyingkuyt,Lotoreo,6393,5740,1.0,6423,5712,30,-28
2013-05-29 09:34:54,Lotoreo,RTT,5712,6264,0.0,5682,6294,-30,30
2013-05-29 09:37:14,Andrew Iannaccone,sami1,6462,5852,0.0,6423,5899,-39,47
2013-05-29 09:43:06,HydrogenBond,Lotoreo,5652,5682,1.0,5703,5646,51,-36
2013-05-29 09:52:27,Jason Chan,RTT,6165,6294,1.0,6238,6261,73,-33
2013-05-29 10:05:21,Andrew Iannaccone,kn1tt3r,6385,6114,1.0,6418,6042,33,-72
2013-05-29 10:17:46,Niuz,yed,5847,6056,1.0,5979,6027,132,-29
2013-05-29 10:18:46,Andrew Iannaccone,kn1tt3r,6418,6042,1.0,6450,5975,32,-67
2013-05-29 11:17:15,A Drowned Kernel,yed,6315,5928,1.0,6364,5902,49,-26
2013-05-29 11:45:57,SheCantSayNo,Watno,6544,6177,1.0,6576,6146,32,-31
2013-05-29 12:02:07,A Drowned Kernel,dudeabides,6410,5974,1.0,6457,5949,47,-25
2013-05-29 12:08:19,Watno,yed,6181,5883,0.0,6142,5923,-39,40
2013-05-29 12:19:40,Lagrangian,SheCantSayNo,6385,6531,1.0,6438,6496,53,-35
2013-05-29 12:22:26,black drake,RTT,5714,6290,0.0,5677,6320,-37,30
2013-05-29 12:31:41,Watno,yed,6142,5923,1.0,6176,5893,34,-30
2013-05-29 13:11:31,Watno,yed,6205,5873,0.0,6166,5913,-39,40
2013-05-29 13:20:12,heron,Troninho,5923,6136,0.5,5935,6137,12,1
2013-05-29 13:20:27,Watno,yed,6166,5913,0.0,6128,5951,-38,38
2013-05-29 13:26:45,heron,Troninho,5935,6137,1.0,5990,6102,55,-35
2013-05-29 13:28:27,Lagrangian,wicket,6404,5636,0.0,6350,5702,-54,66
2013-05-29 13:31:52,Eevee,Niuz,6185,5705,0.0,6067,5836,-118,131
2013-05-29 13:49:11,A Drowned Kernel,Cruxis,6457,5658,0.0,6390,5677,-67,19
2013-05-29 13:50:18,Andrew Iannaccone,Psyduck,6527,5832,0.5,6521,5867,-6,35
2013-05-29 14:10:27,Andrew Iannaccone,Cruxis,6521,5677,1.0,6545,5647,24,-30
2013-05-29 15:10:23,theParty,TrickStaR,5909,6141,1.0,5956,6085,47,-56
2013-05-29 15:18:05,Emeric,Robz888,6132,6185,1.0,6176,6142,44,-43
2013-05-29 15:24:00,Hampus Eriksson.0000,Troninho,5761,6142,0.0,5732,6173,-29,31
2013-05-29 15:30:41,heron,Watno,6005,6128,0.0,5963,6164,-42,36
2013-05-29 15:39:54,Hampus Eriksson.0000,Troninho,5732,6173,0.0,5703,6203,-29,30
2013-05-29 15:44:06,heron,Watno,5963,6164,1.0,6014,6129,51,-35
2013-05-29 16:06:22,kilgoretrout103,Watno,5956,6092,0.0,5924,6127,-32,35
2013-05-29 17:32:34,David Hunter,Watno,6142,6044,0.0,6097,6081,-45,37
2013-05-29 17:40:16,David Hunter,Watno,6097,6081,0.0,6054,6118,-43,37
2013-05-29 18:10:00,David Hunter,Watno,6054,6122,0.0,6013,6157,-41,35
2013-05-29 18:12:34,kilgoretrout103,Mic Qsenoch,5895,5949,0.0,5867,6041,-28,92
2013-05-29 18:23:16,kilgoretrout103,Mic Qsenoch,5867,6041,0.0,5840,6127,-27,86
2013-05-29 19:55:06,kilgoretrout103,Mic Qsenoch,5860,6203,0.0,5835,6279,-25,76
2013-05-30 01:09:19,black drake,David Hunter,5677,6027,1.0,5696,5982,19,-45
2013-05-30 01:28:30,Andrew Iannaccone,SheCantSayNo,6545,6471,1.0,6577,6439,32,-32
2013-05-30 01:40:54,Lotoreo,SM.SM,5792,6051,0.0,5760,6085,-32,34
2013-05-30 02:29:34,Andrew Iannaccone,SheCantSayNo,6575,6448,0.0,6543,6483,-32,35
2013-05-30 02:42:14,Andrew Iannaccone,SheCantSayNo,6543,6483,1.0,6574,6452,31,-31
2013-05-30 02:43:54,Lagrangian,Troninho,6247,6277,0.0,6206,6313,-41,36
2013-05-30 03:26:27,Andrew Iannaccone,SheCantSayNo,6493,6502,0.0,6461,6538,-32,36
2013-05-30 03:55:02,Tom Collett,Troninho,5683,6251,0.0,5646,6282,-37,31
2013-05-30 03:57:57,Dumbassador,Masschy,6176,6384,0.0,6142,6427,-34,43
2013-05-30 04:09:05,Lagrangian,Masschy,6211,6427,0.0,6173,6471,-38,44
2013-05-30 05:35:34,PitrPicko,Watno,5737,6097,1.0,5896,6067,159,-30
2013-05-30 06:35:27,nidzela,Troninho,5640,6344,1.0,5690,6300,50,-44
2013-05-30 06:47:49,loppo,Warfreak2,5930,5637,0.0,5852,5658,-78,21
2013-05-30 06:49:28,flyingkuyt,Mic Qsenoch,6356,6248,0.0,6324,6344,-32,96
2013-05-30 06:52:20,Mic Qsenoch,SheCantSayNo,6344,6538,0.0,6266,6575,-78,37
2013-05-30 07:03:00,flyingkuyt,Warfreak2,6324,5658,1.0,6354,5631,30,-27
2013-05-30 07:13:09,flyingkuyt,Mic Qsenoch,6354,6334,1.0,6397,6257,43,-77
2013-05-30 07:23:06,SheCantSayNo,TrickStaR,6592,6060,1.0,6622,6020,30,-40
2013-05-30 07:23:13,Lekkit,PitrPicko,6189,5896,1.0,6231,5777,42,-119
2013-05-30 07:29:33,black drake,Lotoreo,5630,5779,1.0,5680,5741,50,-38
2013-05-30 07:35:35,dudeabides,nidzela,5881,5691,1.0,5914,5658,33,-33
2013-05-30 07:40:23,Lagrangian,Lotoreo,6150,5741,0.0,6103,5789,-47,48
2013-05-30 07:42:23,flyingkuyt,Mic Qsenoch,6318,6408,0.0,6288,6484,-30,76
2013-05-30 07:50:13,Kay Jee,yed,5856,5957,1.0,5910,5923,54,-34
2013-05-30 07:50:29,flyingkuyt,Mic Qsenoch,6288,6484,0.0,6259,6555,-29,71
2013-05-30 08:01:02,flyingkuyt,yed,6259,5923,0.0,6219,5965,-40,42
2013-05-30 08:09:10,flyingkuyt,Mic Qsenoch,6179,6555,0.0,6152,6620,-27,65
2013-05-30 08:14:03,bearskinrug,Warfreak2,5627,5720,1.0,5676,5684,49,-36
2013-05-30 08:15:09,kn1tt3r,Lekkit,6004,6230,1.0,6090,6196,86,-34
2013-05-30 08:31:03,flyingkuyt,Jason Chan,6152,6154,0.0,6121,6225,-31,71
2013-05-30 08:34:27,PitrPicko,yed,6080,5965,1.0,6191,5939,111,-26
2013-05-30 08:41:24,kn1tt3r,Mic Qsenoch,5902,6620,0.0,5859,6680,-43,60
2013-05-30 08:57:46,kn1tt3r,Mic Qsenoch,5859,6680,1.0,5960,6598,101,-82
2013-05-30 09:06:04,Lekkit,Warfreak2,6209,5756,0.0,6168,5802,-41,46
2013-05-30 09:27:08,Mic Qsenoch,Troninho,6685,6329,0.0,6613,6374,-72,45
2013-05-30 09:39:25,Lekkit,Warfreak2,6197,5767,1.0,6228,5737,31,-30
2013-05-30 09:56:48,dudeabides,Masschy,5878,6365,1.0,5920,6317,42,-48
2013-05-30 10:25:26,Lekkit,Mic Qsenoch,6233,6796,1.0,6280,6725,47,-71
2013-05-30 10:40:00,Lekkit,Mic Qsenoch,6255,6815,0.0,6230,6863,-25,48
2013-05-30 10:50:48,kn1tt3r,Mic Qsenoch,6081,6863,1.0,6166,6796,85,-67
2013-05-30 11:05:00,kn1tt3r,Mic Qsenoch,6166,6796,1.0,6245,6732,79,-64
2013-05-30 11:28:05,kilgoretrout103,Lekkit,5861,6278,1.0,5905,6239,44,-39
2013-05-30 11:50:04,flyingkuyt,Mic Qsenoch,6300,6612,0.0,6273,6661,-27,49
2013-05-30 11:59:27,flyingkuyt,Mic Qsenoch,6273,6661,0.0,6246,6708,-27,47
2013-05-30 12:31:09,Rabid,Robz888,6368,6114,0.0,6313,6166,-55,52
2013-05-30 12:38:29,Lekkit,Lotoreo,6338,5835,1.0,6367,5805,29,-30
2013-05-30 12:42:16,dudeabides,Stef,6046,7102,0.0,6026,7127,-20,25
2013-05-30 12:43:19,kilgoretrout103,Mic Qsenoch,5965,6670,0.0,5941,6710,-24,40
2013-05-30 13:21:13,dudeabides,Stef,6007,7152,1.0,6058,7096,51,-56
2013-05-30 13:53:43,dudeabides,Stef,6107,7042,1.0,6154,6991,47,-51
2013-05-30 14:49:42,PitrPicko,Watno,6341,6135,0.5,6331,6151,-10,16
2013-05-30 15:14:08,RTT,Watno,6281,6179,0.0,6245,6217,-36,38
2013-05-30 15:53:14,Tom Collett,Troninho,5646,6394,1.0,5676,6352,30,-42
2013-05-30 16:01:05,Mic Qsenoch,Troninho,6598,6352,1.0,6638,6322,40,-30
2013-05-30 16:12:52,Mic Qsenoch,Troninho,6677,6294,1.0,6714,6266,37,-28
2013-05-30 16:52:40,Mic Qsenoch,Troninho,6690,6300,0.0,6645,6341,-45,41
2013-05-30 17:24:03,Mic Qsenoch,Stealth Tomato,6719,6155,1.0,6753,6117,34,-38
2013-05-30 17:42:09,HydrogenBond,kilgoretrout103,5650,5914,1.0,5655,5876,5,-38
2013-05-30 17:58:52,Mic Qsenoch,Watno,6798,6181,0.0,6751,6225,-47,44
2013-05-30 18:07:51,Mic Qsenoch,Watno,6751,6225,0.0,6706,6268,-45,43
2013-05-30 18:58:43,Jason Chan,Perna,6225,6101,1.0,6291,6071,66,-30
2013-05-30 22:03:59,TrickStaR,yed,6106,5964,1.0,6151,5933,45,-31
2013-05-30 22:20:07,jaybeez,yed,5976,5933,0.0,5934,5971,-42,38
2013-05-30 22:29:07,Andrew Iannaccone,jaybeez,6461,5934,0.0,6423,5988,-38,54
2013-05-30 22:39:34,GirlDeKiev,Lekkit,5705,6410,1.0,5776,6370,71,-40
2013-05-30 22:44:47,GirlDeKiev,Lekkit,5776,6370,1.0,5843,6331,67,-39
2013-05-30 22:50:43,Perna,yed,6052,5971,1.0,6087,5939,35,-32
2013-05-30 23:09:59,Andrew Iannaccone,Lekkit,6472,6357,1.0,6504,6326,32,-31
2013-05-30 23:26:20,Andrew Iannaccone,Lekkit,6504,6326,0.0,6470,6363,-34,37
2013-05-31 00:47:36,Andrew Iannaccone,yed,6498,5977,1.0,6524,5950,26,-27
2013-05-31 00:54:42,Andrew Iannaccone,yed,6524,5950,0.0,6486,5993,-38,43
2013-05-31 01:41:30,David Hunter,flyingkuyt,5961,6344,1.0,6014,6307,53,-37
2013-05-31 01:58:10,flyingkuyt,RTT,6265,6247,0.0,6233,6284,-32,37
2013-05-31 02:35:18,Andrew Iannaccone,Dumbassador,6605,6063,1.0,6631,6033,26,-30
2013-05-31 03:15:25,flyingkuyt,hiroki,6278,6000,1.0,6310,5961,32,-39
2013-05-31 03:36:32,kn1tt3r,Lagrangian,6365,6061,0.0,6304,6114,-61,53
2013-05-31 04:13:33,hiroki,Kay Jee,5976,5783,0.0,5929,5842,-47,59
2013-05-31 05:24:11,RTT,Tom Collett,6317,5788,1.0,6349,5752,32,-36
2013-05-31 05:39:43,HandKnit,RTT,5685,6349,1.0,5748,6305,63,-44
2013-05-31 05:43:15,attrill,HydrogenBond,5984,5691,1.0,6023,5655,39,-36
2013-05-31 06:26:26,dudeabides,Lotoreo,6090,5767,0.0,6054,5813,-36,46
2013-05-31 07:05:13,HandKnit,Lekkit,5718,6352,0.0,5684,6381,-34,29
2013-05-31 07:10:04,dudeabides,lightbulb,6024,6374,1.0,6065,6326,41,-48
2013-05-31 07:20:17,lightbulb,Watno,6326,6188,0.0,6283,6228,-43,40
2013-05-31 07:44:11,lightbulb,Watno,6286,6233,0.0,6245,6271,-41,38
2013-05-31 07:48:04,HydrogenBond,RTT,5706,6327,1.0,5762,6284,56,-43
2013-05-31 07:55:12,lightbulb,Watno,6245,6271,0.0,6206,6307,-39,36
2013-05-31 08:00:24,lightbulb,Watno,6206,6307,0.0,6169,6342,-37,35
2013-05-31 08:15:40,lightbulb,Watno,6169,6342,1.0,6214,6307,45,-35
2013-05-31 08:21:30,lightbulb,Watno,6214,6307,1.0,6257,6274,43,-33
2013-05-31 08:31:53,HydrogenBond,nicololi,5762,5625,0.0,5720,5667,-42,42
2013-05-31 08:32:53,lightbulb,Watno,6257,6274,0.0,6219,6309,-38,35
2013-05-31 08:53:09,lightbulb,SheCantSayNo,6226,6492,1.0,6271,6455,45,-37
2013-05-31 08:53:10,attrill,theParty,5915,6083,0.0,5880,6122,-35,39
2013-05-31 09:01:15,lightbulb,SheCantSayNo,6271,6455,0.0,6237,6489,-34,34
2013-05-31 09:07:18,Indur,Watno,5725,6310,0.0,5634,6342,-91,32
2013-05-31 09:14:10,dudeabides,Zan,6123,5889,1.0,6154,5853,31,-36
2013-05-31 09:29:50,attrill,Lagrangian,5890,6107,0.0,5857,6148,-33,41
2013-05-31 09:38:12,Kay Jee,Lagrangian,5798,6148,1.0,5857,6104,59,-44
2013-05-31 09:59:05,Davio,flyingkuyt,5742,6320,1.0,5853,6283,111,-37
2013-05-31 10:03:20,SheCantSayNo,Watno,6524,6349,0.0,6488,6385,-36,36
2013-05-31 10:24:46,SheCantSayNo,soulnet goko,6509,5782,0.0,6472,5686,-37,-96
2013-05-31 10:56:28,Jason Chan,lightbulb,6264,6231,0.0,6197,6274,-67,43
2013-05-31 11:04:06,Chuck Maurice,Lotoreo,6059,5861,1.0,6122,5830,63,-31
2013-05-31 11:06:23,dudeabides,Geronimoo,6154,5792,0.0,6125,5933,-29,141
2013-05-31 11:19:00,dudeabides,Geronimoo,6125,5933,1.0,6162,5822,37,-111
2013-05-31 13:16:58,kilgoretrout103,Troninho,6047,6322,1.0,6088,6284,41,-38
2013-05-31 13:46:03,dudeabides,Zan,6107,5820,1.0,6137,5786,30,-34
2013-05-31 14:47:06,faw,Troninho,5783,6294,0.0,5653,6331,-130,37
2013-05-31 16:06:31,dudeabides,SheCantSayNo,6143,6605,0.0,6117,6634,-26,29
2013-05-31 16:09:44,Emeric,Stealth Tomato,6072,6162,0.0,6038,6216,-34,54
2013-05-31 16:21:01,Stealth Tomato,Troninho,6164,6219,1.0,6218,6187,54,-32
2013-05-31 16:32:13,dudeabides,SheCantSayNo,6092,6662,1.0,6132,6621,40,-41
2013-05-31 18:50:06,lightbulb,Slyfox,6190,5800,0.0,6151,5856,-39,56
2013-05-31 19:00:54,lightbulb,Slyfox,6151,5856,0.0,6114,5910,-37,54
2013-05-31 19:16:55,jaybeez,lightbulb,6091,6114,0.0,6050,6152,-41,38
2013-05-31 19:29:09,jaybeez,lightbulb,6050,6152,1.0,6097,6117,47,-35
2013-05-31 19:39:16,Andrew Iannaccone,attrill,6555,6029,0.0,6517,6077,-38,48
2013-05-31 20:07:10,Andrew Iannaccone,Slyfox,6545,5915,0.0,6506,5973,-39,58
2013-05-31 20:21:33,Slyfox,Twistedarcher,5973,5878,1.0,6020,5826,47,-52
2013-05-31 20:30:08,Andrew Iannaccone,SM.SM,6465,6126,1.0,6494,6093,29,-33
2013-05-31 22:59:00,Andrew Iannaccone,jaybeez,6528,6094,1.0,6556,6060,28,-34
2013-05-31 23:50:52,Andrew Iannaccone,SheCantSayNo,6583,6461,0.0,6550,6496,-33,35
2013-05-31 23:59:08,awall,lightbulb,6003,6117,1.0,6274,6097,271,-20
2013-06-01 00:16:01,nate_w,Twistedarcher,5647,5857,1.0,5752,5809,105,-48
2013-06-01 00:19:14,Lagrangian,lightbulb,6104,6097,1.0,6148,6064,44,-33
2013-06-01 00:31:34,Dontbasemebro,Emeric,5657,6081,1.0,5715,6039,58,-42
2013-06-01 00:36:34,jaybeez,Perna,5910,5878,1.0,5952,5846,42,-32
2013-06-01 00:37:12,Dontbasemebro,Emeric,5715,6039,1.0,5770,6000,55,-39
2013-06-01 00:51:08,Emeric,Lotoreo,6000,5740,1.0,6035,5708,35,-32
2013-06-01 10:26:20,jaybeez,lightbulb,5854,6053,0.0,5818,6088,-36,35
2013-06-01 10:28:31,Perna,Warfreak2,6057,5852,1.0,6092,5817,35,-35
2013-06-01 10:42:12,Lotoreo,Warfreak2,5978,5817,0.0,5944,5860,-34,43
2013-06-01 10:52:11,Hampus Eriksson.0000,jaybeez,5919,5732,0.0,5882,5778,-37,46
2013-06-01 11:01:40,nnn,Warfreak2,5882,5860,0.0,5830,5902,-52,42
2013-06-01 11:13:23,faw,Watno,6404,6360,0.0,6342,6398,-62,38
2013-06-01 11:26:02,nnn,Warfreak2,5857,5902,1.0,5915,5867,58,-35
2013-06-01 11:55:12,Jeebus,Warfreak2,6993,5867,0.0,6907,5928,-86,61
2013-06-01 11:57:23,faw,nnn,6214,5878,1.0,6269,5839,55,-39
2013-06-01 11:58:19,jaybeez,Watno,5903,6382,0.0,5872,6411,-31,29
2013-06-01 12:20:38,Lotoreo,wicket,5937,5763,0.0,5905,5818,-32,55
2013-06-01 12:27:00,Polk5440,Warfreak2,5644,5928,1.0,5717,5891,73,-37
2013-06-01 12:52:05,Warfreak2,wicket,5930,5773,1.0,5968,5730,38,-43
2013-06-01 13:08:01,Warfreak2,wicket,5968,5730,0.0,5931,5785,-37,55
2013-06-01 13:11:08,Perry Green,Watno,6097,6436,1.0,6193,6404,96,-32
2013-06-01 13:22:39,Warfreak2,wicket,5931,5785,0.0,5895,5837,-36,52
2013-06-01 13:52:54,Rabid,SM.SM,6325,6061,1.0,6375,6030,50,-31
2013-06-01 14:06:19,dudeabides,Rabid,6223,6375,0.0,6196,6427,-27,52
2013-06-01 14:38:31,Robz888,Troninho,5968,6237,0.0,5929,6271,-39,34
2013-06-01 15:00:26,nidzela,Ryan Petersen,5687,5717,0.5,5693,5721,6,4
2013-06-01 15:23:13,grebby f baby,jaybeez,5694,5994,1.0,5748,5954,54,-40
2013-06-01 15:30:10,jaybeez,Troninho,5954,6162,0.0,5921,6196,-33,34
2013-06-01 16:16:14,SheCantSayNo,SM.SM,6588,5973,0.0,6549,6021,-39,48
2013-06-01 16:35:16,nate_w,SM.SM,5707,5979,1.0,5798,5944,91,-35
2013-06-01 16:46:05,SheCantSayNo,SM.SM,6573,5944,1.0,6599,5917,26,-27
2013-06-01 16:55:49,Emeric,SM.SM,6062,5917,1.0,6099,5884,37,-33
2013-06-01 18:12:21,grebby f baby,SheCantSayNo,5680,6493,0.0,5651,6517,-29,24
2013-06-01 21:51:06,SM.SM,Twistedarcher,5843,5791,0.0,5810,5848,-33,57
2013-06-01 22:40:37,Lekkit,Stealth Tomato,6682,6222,0.0,6645,6280,-37,58
2013-06-01 23:21:27,greens,SM.SM,5636,5874,1.0,5657,5837,21,-37
2013-06-01 23:26:26,Andrew Iannaccone,Lekkit,6463,6595,0.0,6432,6628,-31,33
2013-06-01 23:28:24,flyingkuyt,SM.SM,6118,5837,1.0,6152,5807,34,-30
2013-06-01 23:53:23,Andrew Iannaccone,lightbulb,6362,6201,1.0,6393,6169,31,-32
2013-06-01 23:54:38,flyingkuyt,Slyfox,6152,5986,1.0,6188,5953,36,-33
2013-06-02 01:39:40,Stef,Zakharov,7164,6004,1.0,7192,5968,28,-36
2013-06-02 01:48:25,cja31415,lightbulb,5760,6134,0.0,5714,6167,-46,33
2013-06-02 01:56:46,Stef,Zakharov,7192,5968,1.0,7219,5934,27,-34
2013-06-02 02:03:01,Lagrangian,Lekkit,6027,6658,0.0,5996,6685,-31,27
2013-06-02 02:21:15,David Hunter,Lotoreo,6154,5876,0.0,6105,5914,-49,38
2013-06-02 02:30:32,Andrew Iannaccone,WhiteRabbit1981,6384,5773,1.0,6409,5747,25,-26
2013-06-02 02:36:24,David Hunter,lightbulb,6105,6198,1.0,6154,6165,49,-33
2013-06-02 02:37:41,Davio,Lekkit,5986,6698,0.0,5924,6727,-62,29
2013-06-02 02:40:48,Andrew Iannaccone,WhiteRabbit1981,6409,5747,1.0,6434,5722,25,-25
2013-06-02 02:50:54,David Hunter,lightbulb,6154,6165,0.0,6111,6201,-43,36
2013-06-02 03:10:12,David Hunter,lightbulb,6159,6168,0.0,6117,6204,-42,36
2013-06-02 03:12:10,Emeric,Tom Collett,6205,5804,1.0,6239,5769,34,-35
2013-06-02 03:24:12,flyingkuyt,Jason Chan,5984,6195,1.0,6026,6125,42,-70
2013-06-02 03:36:42,Tom Collett,WhiteRabbit1981,5747,5703,0.0,5701,5742,-46,39
2013-06-02 03:43:26,Lotoreo,WhiteRabbit1981,5895,5742,0.0,5861,5781,-34,39
2013-06-02 03:52:26,SheCantSayNo,Tom Collett,6526,5619,0.0,6483,5684,-43,65
2013-06-02 03:53:27,Lotoreo,WhiteRabbit1981,5861,5781,1.0,5895,5748,34,-33
2013-06-02 04:05:11,Lekkit,SheCantSayNo,6708,6483,0.0,6671,6521,-37,38
2013-06-02 04:13:03,Lekkit,SheCantSayNo,6671,6521,0.0,6636,6557,-35,36
2013-06-02 04:18:09,Lotoreo,WhiteRabbit1981,5895,5748,0.0,5860,5786,-35,38
2013-06-02 04:39:35,Lekkit,SheCantSayNo,6635,6562,0.0,6601,6597,-34,35
2013-06-02 04:43:11,Stef,Zakharov,7208,6078,1.0,7236,6046,28,-32
2013-06-02 04:46:17,Lekkit,SheCantSayNo,6601,6597,0.0,6568,6632,-33,35
2013-06-02 05:22:24,RTT,WhiteRabbit1981,6254,5734,1.0,6288,5708,34,-26
2013-06-02 05:25:12,cja31415,Watno,5647,6490,1.0,5655,6445,8,-45
2013-06-02 05:31:38,flyingkuyt,Stef,6019,7263,1.0,6078,7203,59,-60
2013-06-02 05:35:25,Lekkit,SheCantSayNo,6539,6666,0.0,6508,6697,-31,31
2013-06-02 05:55:58,Gary Wise,Stef,5758,7203,0.0,5723,7227,-35,24
2013-06-02 06:45:52,Lekkit,Warfreak2,6478,5868,1.0,6504,5840,26,-28
2013-06-02 06:53:04,Stef,Watno,7155,6481,0.0,7107,6528,-48,47
2013-06-02 07:04:09,Stef,Watno,7107,6528,1.0,7139,6502,32,-26
2013-06-02 07:09:16,Stef,Watno,7139,6502,1.0,7170,6477,31,-25
2013-06-02 07:20:30,Stef,Watno,7170,6477,1.0,7199,6452,29,-25
2013-06-02 07:28:05,flyingkuyt,lightbulb,6143,6217,0.0,6110,6253,-33,36
2013-06-02 07:31:40,Lekkit,Warfreak2,6479,5822,1.0,6505,5795,26,-27
2013-06-02 07:36:45,kn1tt3r,Lekkit,6238,6505,1.0,6305,6472,67,-33
2013-06-02 07:54:09,Stef,Watno,7199,6452,0.0,7151,6499,-48,47
2013-06-02 08:00:07,A Drowned Kernel,Lekkit,6341,6502,1.0,6407,6471,66,-31
2013-06-02 08:17:07,flyingkuyt,Warfreak2,6109,5818,1.0,6141,5787,32,-31
2013-06-02 08:24:09,Stef,Watno,7181,6474,1.0,7210,6450,29,-24
2013-06-02 08:25:05,dudeabides,SheCantSayNo,6251,6505,1.0,6289,6471,38,-34
2013-06-02 08:32:14,flyingkuyt,Masschy,6141,6280,1.0,6180,6232,39,-48
2013-06-02 08:34:05,lightbulb,Warfreak2,6197,5787,0.0,6157,5830,-40,43
2013-06-02 08:34:07,dudeabides,SheCantSayNo,6289,6471,0.0,6259,6501,-30,30
2013-06-02 08:36:11,Stef,Watno,7210,6450,0.0,7162,6497,-48,47
2013-06-02 08:36:39,manzi,yed,5718,5950,1.0,5925,5922,207,-28
2013-06-02 09:12:12,kn1tt3r,Stealth Tomato,6174,6286,0.0,6127,6338,-47,52
2013-06-02 09:22:36,dudeabides,kn1tt3r,6228,6127,1.0,6262,6078,34,-49
2013-06-02 09:24:27,Stef,Watno,7100,6561,1.0,7130,6536,30,-25
2013-06-02 09:29:44,cja31415,lightbulb,5610,6142,1.0,5611,6103,1,-39
2013-06-02 09:30:43,Lekkit,Robz888,6480,6055,0.0,6445,6109,-35,54
2013-06-02 09:31:19,Stef,Watno,7130,6536,0.5,7120,6551,-10,15
2013-06-02 09:34:41,lightbulb,SheCantSayNo,6103,6559,1.0,6145,6523,42,-36
2013-06-02 09:43:53,Lekkit,Robz888,6445,6109,1.0,6475,6072,30,-37
2013-06-02 09:54:05,Lekkit,Robz888,6475,6072,1.0,6504,6036,29,-36
2013-06-02 10:17:37,Stef,Watno,7065,6608,1.0,7096,6582,31,-26
2013-06-02 10:24:18,Lagrangian,SheCantSayNo,5986,6577,0.0,5955,6603,-31,26
2013-06-02 10:28:38,Stef,Watno,7096,6582,0.0,7054,6623,-42,41
2013-06-02 10:30:02,Lagrangian,SheCantSayNo,5955,6603,1.0,6008,6565,53,-38
2013-06-02 10:37:37,Lagrangian,SheCantSayNo,6008,6565,0.5,6025,6559,17,-6
2013-06-02 10:43:59,Emeric,Perry Green,6137,6247,0.0,6108,6329,-29,82
2013-06-02 11:00:11,Stef,Watno,7084,6596,1.0,7114,6571,30,-25
2013-06-02 11:10:08,lightbulb,Perna,6222,5755,0.0,6183,5799,-39,44
2013-06-02 11:15:22,dscarpac,Robz888,5743,6124,1.0,5812,6080,69,-44
2013-06-02 11:32:30,dscarpac,Robz888,5766,6122,0.0,5722,6162,-44,40
2013-06-02 11:37:04,Davio,wicket,5948,5828,0.0,5863,5883,-85,55
2013-06-02 11:40:29,dscarpac,Robz888,5722,6162,0.5,5743,6158,21,-4
2013-06-02 12:20:43,dscarpac,Troninho,5702,6345,0.0,5666,6376,-36,31
2013-06-02 12:42:02,Jeanne et Serge,Troninho,5663,6376,1.0,5764,6339,101,-37
2013-06-02 13:27:14,Psyduck,wicket,5872,5862,0.0,5789,5914,-83,52
2013-06-02 13:28:39,Adam Horton,Qvist,5979,5920,0.0,5904,6092,-75,172
2013-06-02 13:52:05,Adam Horton,Qvist,5904,6092,0.0,5838,6242,-66,150
2013-06-02 14:00:02,Stef,wicket,7170,5890,1.0,7191,5867,21,-23
2013-06-02 14:19:01,Jeanne et Serge,Lotoreo,5895,5860,1.0,6015,5835,120,-25
2013-06-02 14:20:43,faw,greens,6358,5641,0.0,6286,5639,-72,-2
2013-06-02 14:25:28,Stef,wicket,7191,5867,1.0,7211,5844,20,-23
2013-06-02 14:32:33,greens,Lekkit,5639,6504,1.0,5686,6461,47,-43
2013-06-02 14:33:46,Jeanne et Serge,Lotoreo,6015,5835,0.0,5889,5878,-126,43
2013-06-02 14:38:45,faw,Lekkit,6286,6461,0.0,6236,6494,-50,33
2013-06-02 14:45:01,Adam Horton,Qvist,5838,6242,1.0,5968,6105,130,-137
2013-06-02 15:21:14,Drab Emordnilap,Troninho,5770,6301,1.0,6074,6275,304,-26
2013-06-02 15:26:17,SheCantSayNo,Warfreak2,6566,5873,1.0,6589,5848,23,-25
2013-06-02 15:28:46,Adam Horton,Qvist,5968,6105,1.0,6083,5987,115,-118
2013-06-02 15:32:14,Jeebus,RTT,6862,6195,1.0,6906,6169,44,-26
2013-06-02 15:34:10,Drab Emordnilap,Troninho,6074,6275,1.0,6324,6251,250,-24
2013-06-02 15:34:46,SheCantSayNo,Warfreak2,6589,5848,1.0,6611,5823,22,-25
2013-06-02 15:50:08,SheCantSayNo,Warfreak2,6611,5823,1.0,6633,5799,22,-24
2013-06-02 16:23:44,Drab Emordnilap,RTT,6588,6013,0.0,6314,6071,-274,58
2013-06-02 16:37:04,calimero,Drab Emordnilap,5626,6314,1.0,5683,6056,57,-258
2013-06-02 17:24:31,calimero,greens,5628,5731,1.0,5667,5698,39,-33
2013-06-02 18:04:03,jaybeez,lightbulb,5851,6101,0.0,5817,6132,-34,31
2013-06-02 18:36:00,HydrogenBond,Troninho,5677,6136,0.5,5694,6132,17,-4
2013-06-02 18:40:45,hiroki,lightbulb,5868,6119,0.0,5826,6151,-42,32
2013-06-02 19:36:41,Andrew Iannaccone,Fabian,6415,5812,1.0,6445,5764,30,-48
2013-06-02 20:02:14,Andrew Iannaccone,Slyfox,6473,5896,1.0,6501,5867,28,-29
2013-06-02 20:18:04,Rugbybry,Slyfox,5864,5867,0.0,5749,5912,-115,45
2013-06-02 20:30:39,dudeabides,hiroki,6179,5930,1.0,6211,5890,32,-40
2013-06-02 20:40:47,Dontbasemebro,Slyfox,5607,5912,1.0,5643,5873,36,-39
2013-06-02 20:43:30,Andrew Iannaccone,hiroki,6524,5890,1.0,6551,5857,27,-33
2013-06-02 20:47:58,eliegel,hiroki,6091,5857,1.0,6248,5829,157,-28
2013-06-02 21:40:04,Andrew Iannaccone,WhiteRabbit1981,6554,5708,1.0,6578,5685,24,-23
2013-06-02 22:11:14,eliegel,HydrogenBond,6096,5714,1.0,6203,5686,107,-28
2013-06-03 00:10:01,flyingkuyt,lightbulb,6198,6151,0.0,6165,6186,-33,35
2013-06-03 00:27:11,flyingkuyt,RTT,6165,6071,1.0,6198,6037,33,-34
2013-06-03 02:08:41,LESPEUTERE,RTT,6473,6027,1.0,6516,6000,43,-27
2013-06-03 02:55:31,Davio,flyingkuyt,5802,6212,1.0,5900,6180,98,-32
2013-06-03 03:02:35,flyingkuyt,LESPEUTERE,6180,6408,0.5,6172,6384,-8,-24
2013-06-03 03:21:07,awaclus,lightbulb,5614,6063,1.0,5722,6029,108,-34
2013-06-03 03:34:03,awaclus,lightbulb,5722,6029,0.0,5648,6065,-74,36
2013-06-03 03:49:32,Lagrangian,Troninho,6135,6032,0.0,6094,6070,-41,38
2013-06-03 03:52:11,awaclus,lightbulb,5648,6098,1.0,5680,6063,32,-35
2013-06-03 03:57:02,LESPEUTERE,RTT,6477,6060,0.0,6424,6107,-53,47
2013-06-03 04:40:41,sangatsu,Warfreak2,5790,5798,0.0,5748,5835,-42,37
2013-06-03 04:45:51,calimero,flyingkuyt,5686,6198,0.0,5657,6227,-29,29
2013-06-03 05:18:18,lightbulb,Mrmystery,6074,5608,0.0,6036,5654,-38,46
2013-06-03 05:36:24,calimero,Mrmystery,5725,5654,0.0,5690,5701,-35,47
2013-06-03 05:39:04,LESPEUTERE,lightbulb,6541,6036,0.0,6489,6079,-52,43
2013-06-03 05:41:53,sangatsu,Tom Collett,5770,5675,1.0,5815,5635,45,-40
2013-06-03 06:04:00,Mrmystery,nnn,5748,5957,0.0,5712,6010,-36,53
2013-06-03 06:08:27,awaclus,lightbulb,5764,6045,0.0,5705,6078,-59,33
2013-06-03 06:14:34,Lekkit,Mrmystery,6475,5712,1.0,6501,5683,26,-29
2013-06-03 06:23:14,calimero,Warfreak2,5704,5940,0.0,5673,5973,-31,33
2013-06-03 06:24:32,Lekkit,Mrmystery,6501,5683,1.0,6526,5654,25,-29
2013-06-03 06:29:07,Lekkit,Mrmystery,6526,5654,1.0,6550,5627,24,-27
2013-06-03 06:52:16,calimero,HydrogenBond,5702,5734,1.0,5741,5690,39,-44
2013-06-03 07:05:23,calimero,Mrmystery,5741,5636,0.0,5706,5682,-35,46
2013-06-03 07:16:17,Troninho,Warfreak2,6105,5952,0.0,6070,5990,-35,38
2013-06-03 07:23:43,HydrogenBond,Lekkit,5678,6510,0.0,5648,6535,-30,25
2013-06-03 07:49:25,dudeabides,LESPEUTERE,6127,6560,1.0,6169,6511,42,-49
2013-06-03 07:57:37,dudeabides,LESPEUTERE,6169,6511,1.0,6209,6463,40,-48
2013-06-03 08:54:10,Pneumatiker,Zan,5693,5729,1.0,5766,5697,73,-32
2013-06-03 08:54:17,flyingkuyt,LESPEUTERE,6102,6523,0.0,6075,6560,-27,37
2013-06-03 09:02:17,flyingkuyt,LESPEUTERE,6075,6560,0.0,6050,6596,-25,36
2013-06-03 09:07:27,666cof,Watno,5616,6580,1.0,5738,6539,122,-41
2013-06-03 09:08:10,flyingkuyt,LESPEUTERE,6050,6596,0.0,6025,6630,-25,34
2013-06-03 09:16:43,LESPEUTERE,Watno,6630,6539,0.0,6589,6577,-41,38
2013-06-03 09:27:00,LESPEUTERE,Watno,6589,6577,1.0,6632,6545,43,-32
2013-06-03 09:32:01,secret tunnel,SheCantSayNo,5713,6665,0.0,5676,6689,-37,24
2013-06-03 09:38:12,flyingkuyt,Jason Chan,5981,6070,1.0,6019,5994,38,-76
2013-06-03 09:53:07,Eevee,Watno,5838,6582,0.0,5740,6613,-98,31
2013-06-03 10:23:02,Andrew Bell,flyingkuyt,5653,6053,1.0,5677,6019,24,-34
2013-06-03 10:31:10,kilgoretrout103,Lagrangian,6354,6098,0.0,6312,6144,-42,46
2013-06-03 10:45:31,flyingkuyt,kn1tt3r,5984,6110,1.0,6020,6057,36,-53
2013-06-03 10:56:05,kilgoretrout103,Psyduck,6265,5847,0.0,6227,5954,-38,107
2013-06-03 11:04:38,RTT,Watno,6204,6513,0.0,6173,6544,-31,31
2013-06-03 11:11:13,flyingkuyt,Rabid,5977,6387,0.0,5953,6437,-24,50
2013-06-03 11:28:59,RTT,Watno,6142,6573,1.0,6186,6536,44,-37
2013-06-03 12:44:36,Rabid,Watno,6490,6529,1.0,6549,6498,59,-31
2013-06-03 13:03:50,Rabid,Watno,6549,6498,1.0,6605,6469,56,-29
2013-06-03 13:11:45,Rabid,Watno,6605,6469,0.0,6550,6507,-55,38
2013-06-03 13:31:00,RTT,WhiteRabbit1981,6145,5845,1.0,6177,5815,32,-30
2013-06-03 14:08:25,nidzela,Watno,5644,6500,1.0,5695,6458,51,-42
2013-06-03 14:10:44,RTT,SheCantSayNo,6182,6603,1.0,6224,6567,42,-36
2013-06-03 14:15:50,RTT,SheCantSayNo,6224,6567,1.0,6264,6532,40,-35
2013-06-03 14:23:51,RTT,SheCantSayNo,6264,6532,0.0,6234,6561,-30,29
2013-06-03 15:18:28,nidzela,Troninho,5683,6129,0.0,5654,6159,-29,30
2013-06-03 15:27:07,Pneumatiker,Watno,5813,6450,0.0,5772,6477,-41,27
2013-06-03 15:28:28,Andrew Iannaccone,SheCantSayNo,6627,6562,0.0,6591,6595,-36,33
2013-06-03 16:29:10,Andrew Iannaccone,SheCantSayNo,6626,6573,0.0,6592,6606,-34,33
2013-06-03 16:43:22,Andrew Iannaccone,SheCantSayNo,6592,6606,1.0,6627,6575,35,-31
2013-06-03 17:57:46,Jeebus,lightbulb,6852,6143,0.0,6788,6189,-64,46
2013-06-03 18:02:42,Andrew Iannaccone,SheCantSayNo,6663,6583,1.0,6696,6554,33,-29
2013-06-03 18:45:06,hiroki,Jeebus,5742,6823,0.0,5717,6857,-25,34
2013-06-03 19:07:03,Andrew Iannaccone,dscarpac,6696,5712,1.0,6719,5684,23,-28
2013-06-03 20:04:17,Andrew Iannaccone,soulnet goko,6658,5795,1.0,6686,5722,28,-73
2013-06-03 20:55:42,dscarpac,grebby f baby,5700,5683,0.0,5659,5723,-41,40
2013-06-03 21:01:20,Andrew Iannaccone,Stealth Tomato,6686,6362,0.0,6652,6421,-34,59
2013-06-03 21:04:23,dscarpac,hiroki,5659,5707,1.0,5706,5667,47,-40
2013-06-03 21:10:49,Andrew Iannaccone,Stealth Tomato,6652,6421,0.0,6619,6478,-33,57
2013-06-03 21:58:11,Andrew Iannaccone,David Hunter,6616,6073,1.0,6644,6035,28,-38
2013-06-03 22:19:02,Fabian,flyingkuyt,6062,5982,1.0,6117,5955,55,-27
2013-06-03 23:56:27,Andrew Iannaccone,flyingkuyt,6662,6055,0.0,6623,6095,-39,40
2013-06-04 00:35:03,lightbulb,SheCantSayNo,6210,6554,0.0,6182,6581,-28,27
2013-06-04 00:49:21,Andrew Iannaccone,SheCantSayNo,6685,6581,1.0,6716,6552,31,-29
2013-06-04 00:59:15,Lagrangian,Sean Soria.0000,6141,5689,1.0,6175,5659,34,-30
2013-06-04 01:12:43,Andrew Iannaccone,SheCantSayNo,6716,6552,1.0,6746,6524,30,-28
2013-06-04 01:32:04,flyingkuyt,Troninho,6149,6195,0.0,6119,6229,-30,34
2013-06-04 01:47:07,Andrew Iannaccone,SheCantSayNo,6804,6469,1.0,6832,6443,28,-26
2013-06-04 01:53:14,flyingkuyt,Mrmystery,6091,5707,0.0,6057,5756,-34,49
2013-06-04 02:12:34,flyingkuyt,Mrmystery,6057,5756,1.0,6085,5721,28,-35
2013-06-04 02:26:53,Mrmystery,Troninho,5687,6274,0.0,5656,6301,-31,27
2013-06-04 03:12:10,RTT,secret tunnel,6294,5640,0.0,6251,5622,-43,-18
2013-06-04 04:10:03,Lekkit,Perna,6484,5752,0.0,6439,5802,-45,50
2013-06-04 04:25:22,Cruxis,Lekkit,5958,6400,0.0,5919,6431,-39,31
2013-06-04 04:32:50,Cruxis,Lekkit,5919,6431,0.0,5882,6462,-37,31
2013-06-04 04:46:58,Cruxis,Lekkit,5882,6462,1.0,5944,6422,62,-40
2013-06-04 05:13:26,Lekkit,PitrPicko,6453,5897,0.0,6417,6004,-36,107
2013-06-04 05:19:35,dscarpac,Perna,5735,5799,0.0,5693,5837,-42,38
2013-06-04 06:35:14,flyingkuyt,PitrPicko,6088,6113,1.0,6126,6034,38,-79
2013-06-04 06:50:09,HydrogenBond,lightbulb,5651,6303,0.0,5620,6330,-31,27
2013-06-04 06:50:53,Darter,SheCantSayNo,5657,6467,0.0,5628,6491,-29,24
2013-06-04 07:02:12,flyingkuyt,Lagrangian,6097,6256,1.0,6133,6216,36,-40
2013-06-04 07:24:29,nicololi,Troninho,5749,6245,0.0,5721,6275,-28,30
2013-06-04 07:46:00,sangatsu,Troninho,5719,6304,1.0,5772,6264,53,-40
2013-06-04 08:06:03,flyingkuyt,Troninho,6143,6264,1.0,6177,6228,34,-36
2013-06-04 08:13:29,RTT,Stef,6287,7191,0.0,6264,7219,-23,28
2013-06-04 08:20:09,jsh357,Rugbybry,6304,5712,0.0,6240,5628,-64,-84
2013-06-04 08:26:43,PitrPicko,SheCantSayNo,6087,6537,0.0,6029,6567,-58,30
2013-06-04 08:36:38,RTT,Stef,6264,7219,0.0,6242,7246,-22,27
2013-06-04 08:45:51,Beyond Awesome,PitrPicko,5775,6029,0.0,5723,6101,-52,72
2013-06-04 08:55:56,calimero,PitrPicko,5640,6101,1.0,5639,6020,-1,-81
2013-06-04 09:18:22,Beyond Awesome,DominionKing,5655,6747,1.0,5774,6286,119,-461
2013-06-04 09:29:30,Beyond Awesome,Darter,5774,5702,1.0,5839,5668,65,-34
2013-06-04 10:45:57,Lagrangian,Troninho,6156,6260,0.0,6120,6295,-36,35
2013-06-04 10:56:02,Lagrangian,Watno,6120,6465,0.0,6088,6496,-32,31
2013-06-04 11:05:13,dscarpac,Troninho,5693,6322,0.0,5660,6350,-33,28
2013-06-04 11:13:03,dscarpac,Troninho,5660,6350,1.0,5719,6309,59,-41
2013-06-04 11:19:08,dscarpac,WhiteRabbit1981,5719,5771,0.0,5679,5808,-40,37
2013-06-04 12:10:16,Rabid,Watno,6515,6425,1.0,6570,6396,55,-29
2013-06-04 12:37:20,calimero,PitrPicko,5714,6020,0.0,5689,6082,-25,62
2013-06-04 12:38:01,nidzela,WhiteRabbit1981,5650,5774,1.0,5690,5738,40,-36
2013-06-04 12:40:35,soulnet goko,Troninho,5688,6387,1.0,5718,6351,30,-36
2013-06-04 12:46:05,Lekkit,Watno,6438,6396,0.0,6405,6431,-33,35
2013-06-04 12:48:53,calimero,HydrogenBond,5689,5620,0.0,5657,5660,-32,40
2013-06-04 12:53:01,soulnet goko,Troninho,5718,6351,1.0,5846,6316,128,-35
2013-06-04 12:55:57,Blobby,Pinot,5731,6186,1.0,5865,6102,134,-84
2013-06-04 13:24:35,Psyduck,SheCantSayNo,5923,6576,0.0,5855,6605,-68,29
2013-06-04 13:27:25,bearskinrug,Watno,5850,6355,0.0,5817,6383,-33,28
2013-06-04 13:30:25,Lekkit,TrickStaR,6453,6198,0.0,6420,6256,-33,58
2013-06-04 13:33:34,PitrPicko,Troninho,6082,6317,0.0,6023,6351,-59,34
2013-06-04 13:34:44,bearskinrug,Psyduck,5817,5855,1.0,5866,5769,49,-86
2013-06-04 13:37:51,dudeabides,Watno,6201,6383,1.0,6241,6349,40,-34
2013-06-04 13:41:00,Niuz,Troninho,5821,6351,1.0,5952,6318,131,-33
2013-06-04 14:03:00,RTT,Stealth Tomato,6246,6532,0.5,6258,6528,12,-4
2013-06-04 14:19:06,Troninho,WhiteRabbit1981,6252,5738,1.0,6280,5710,28,-28
2013-06-04 14:24:29,RTT,Stealth Tomato,6229,6574,0.0,6201,6618,-28,44
2013-06-04 14:26:06,Niuz,Zan,6016,5724,0.5,6003,5742,-13,18
2013-06-04 14:33:31,RTT,Stealth Tomato,6201,6618,1.0,6245,6564,44,-54
2013-06-04 15:07:54,RTT,Warfreak2,6245,5865,1.0,6275,5836,30,-29
2013-06-04 15:11:54,Beyond Awesome,Zan,5873,5755,0.0,5816,5795,-57,40
2013-06-04 15:15:08,soulnet goko,Troninho,5946,6252,0.0,5864,6285,-82,33
2013-06-04 15:22:15,Beyond Awesome,Blobby,5816,6319,1.0,5893,6227,77,-92
2013-06-04 15:23:16,nidzela,Troninho,5868,6285,1.0,5911,6249,43,-36
2013-06-04 15:31:18,lightbulb,Troninho,6330,6249,0.0,6296,6283,-34,34
2013-06-04 15:34:15,RTT,SheCantSayNo,6246,6648,1.0,6287,6612,41,-36
2013-06-04 15:38:19,lightbulb,Watno,6296,6342,1.0,6331,6310,35,-32
2013-06-04 15:41:09,Beyond Awesome,Blobby,5893,6227,1.0,5964,6143,71,-84
2013-06-04 15:41:13,RTT,SheCantSayNo,6287,6612,1.0,6327,6577,40,-35
2013-06-04 15:56:29,Beyond Awesome,Blobby,5964,6143,1.0,6030,6067,66,-76
2013-06-04 15:57:10,lightbulb,Watno,6298,6343,0.0,6266,6376,-32,33
2013-06-04 15:57:14,RTT,SheCantSayNo,6365,6543,0.0,6334,6573,-31,30
2013-06-04 16:01:25,Stealth Tomato,Troninho,6488,6342,0.0,6440,6378,-48,36
2013-06-04 16:05:22,Blobby,lightbulb,6067,6266,0.0,5998,6301,-69,35
2013-06-04 16:05:46,Kirian,soulnet goko,5671,5938,1.0,5745,5849,74,-89
2013-06-04 16:06:29,SheCantSayNo,Watno,6573,6376,1.0,6603,6347,30,-29
2013-06-04 16:26:54,Blobby,Lekkit,6030,6386,0.5,6050,6387,20,1
2013-06-04 16:33:02,dscarpac,SheCantSayNo,5735,6558,0.0,5706,6581,-29,23
2013-06-04 17:01:31,Andrew Iannaccone,Pinot,6814,6098,1.0,6843,6040,29,-58
2013-06-04 17:14:36,Andrew Iannaccone,Pinot,6843,6040,1.0,6871,5986,28,-54
2013-06-04 17:19:00,SM.SM,Stealth Tomato,5815,6300,0.0,5786,6338,-29,38
2013-06-04 17:29:51,Andrew Iannaccone,SheCantSayNo,6871,6563,0.0,6834,6600,-37,37
2013-06-04 17:47:00,dudeabides,wsc,6283,6019,1.0,6328,5732,45,-287
2013-06-04 18:00:24,dscarpac,Jeebus,5714,6658,0.0,5690,6694,-24,36
2013-06-04 18:01:28,hiroki,Watno,5682,6406,1.0,5697,6366,15,-40
2013-06-04 18:11:05,hiroki,Watno,5697,6366,0.0,5669,6390,-28,24
2013-06-04 18:13:42,SM.SM,wsc,5818,5732,0.0,5791,5751,-27,19
2013-06-04 18:35:45,dscarpac,Jeebus,5690,6694,0.0,5667,6727,-23,33
2013-06-04 19:22:07,dudeabides,SM.SM,6300,5791,0.0,6260,5839,-40,48
2013-06-04 20:32:36,bank3152,Kirian,5690,5749,1.0,5744,5697,54,-52
2013-06-04 20:36:19,HydrogenBond,Slyfox,5677,5978,1.0,5698,5935,21,-43
2013-06-04 20:36:57,kilgoretrout103,wsc,6340,5893,0.0,6306,6074,-34,181
2013-06-04 21:07:00,bank3152,SM.SM,5744,5866,0.0,5701,5905,-43,39
2013-06-04 22:12:00,Andrew Iannaccone,sangatsu,6760,5847,0.0,6717,5903,-43,56
2013-06-04 22:12:31,kilgoretrout103,WhiteRabbit1981,6394,5685,0.0,6346,5732,-48,47
2013-06-04 22:23:08,Andrew Iannaccone,flyingkuyt,6717,6191,0.0,6678,6231,-39,40
2013-06-04 22:23:36,kilgoretrout103,WhiteRabbit1981,6346,5732,1.0,6377,5707,31,-25
2013-06-04 22:30:18,Andrew Iannaccone,flyingkuyt,6678,6231,1.0,6706,6205,28,-26
2013-06-04 22:33:44,flyingkuyt,kilgoretrout103,6205,6377,0.0,6176,6414,-29,37
2013-06-04 22:40:52,Andrew Iannaccone,Robz888,6706,6057,0.0,6667,6113,-39,56
2013-06-04 23:19:39,Andrew Iannaccone,Fabian,6730,6004,0.0,6691,6076,-39,72
2013-06-04 23:29:05,Andrew Iannaccone,Fabian,6691,6076,1.0,6718,6037,27,-39
2013-06-05 00:22:36,flyingkuyt,SM.SM,6173,5903,0.0,6140,5945,-33,42
2013-06-05 02:28:00,bank3152,RTT,5701,6356,1.0,5700,6316,-1,-40
2013-06-05 02:37:21,bank3152,RTT,5700,6316,1.0,5758,6278,58,-38
2013-06-05 02:39:26,iriho,lightbulb,6043,6334,1.0,6142,6304,99,-30
2013-06-05 03:03:09,nicololi,wsc,5669,5968,0.0,5641,6036,-28,68
2013-06-05 03:20:09,Fabian,lightbulb,6284,6244,1.0,6337,6213,53,-31
2013-06-05 03:23:06,SheCantSayNo,wsc,6696,6100,1.0,6725,6047,29,-53
2013-06-05 04:35:15,manzi,Pinot,5611,6048,1.0,5648,5975,37,-73
2013-06-05 04:39:48,flyingkuyt,manzi,6288,5648,0.0,6257,5831,-31,183
2013-06-05 05:05:04,manzi,Mrmystery,5935,5788,1.0,6065,5758,130,-30
2013-06-05 05:40:14,Lekkit,Warfreak2,6296,5814,0.0,6258,5859,-38,45
2013-06-05 06:11:15,HydrogenBond,lightbulb,5714,6213,0.0,5683,6242,-31,29
2013-06-05 06:25:12,dudeabides,HydrogenBond,6214,5683,1.0,6244,5653,30,-30
2013-06-05 07:39:32,flyingkuyt,lightbulb,6203,6307,1.0,6237,6272,34,-35
2013-06-05 07:57:46,Masschy,Warfreak2,6076,5778,1.0,6121,5746,45,-32
2013-06-05 08:35:12,lightbulb,Warfreak2,6290,5746,1.0,6317,5719,27,-27
2013-06-05 08:38:17,flyingkuyt,manzi,6301,5831,1.0,6333,5737,32,-94
2013-06-05 08:55:49,flyingkuyt,Lekkit,6333,6244,1.0,6364,6213,31,-31
2013-06-05 09:03:35,flyingkuyt,Lekkit,6364,6213,0.0,6331,6249,-33,36
2013-06-05 09:13:59,flyingkuyt,Lekkit,6331,6249,1.0,6362,6218,31,-31
2013-06-05 09:20:56,flyingkuyt,lightbulb,6362,6317,0.0,6331,6352,-31,35
2013-06-05 09:25:58,flyingkuyt,lightbulb,6331,6352,0.0,6301,6386,-30,34
2013-06-05 09:26:12,Cruxis,kn1tt3r,5914,6156,1.0,5973,6103,59,-53
2013-06-05 10:09:43,Lekkit,nnn,6223,5961,0.0,6191,6030,-32,69
2013-06-05 10:47:01,HydrogenBond,kilgoretrout103,5711,6357,1.0,5762,6308,51,-49
2013-06-05 10:50:39,Andrew Iannaccone,Cruxis,6609,6006,1.0,6637,5970,28,-36
2013-06-05 11:01:40,kilgoretrout103,Lagrangian,6308,6161,1.0,6348,6128,40,-33
2013-06-05 11:06:35,Lagrangian,Troninho,6128,6400,1.0,6170,6364,42,-36
2013-06-05 11:09:09,Davio,Hampus Eriksson.0000,6015,5834,1.0,6100,5802,85,-32
2013-06-05 11:20:02,Cruxis,WhiteRabbit1981,5894,5720,1.0,5940,5688,46,-32
2013-06-05 11:28:05,Cruxis,loppo,5940,5803,0.0,5897,5877,-43,74
2013-06-05 11:43:28,Andrew Iannaccone,Lekkit,6615,6275,0.0,6578,6312,-37,37
2013-06-05 12:00:09,Andrew Iannaccone,Rabid,6578,6608,0.0,6548,6663,-30,55
2013-06-05 12:14:06,Andrew Iannaccone,Rabid,6548,6663,1.0,6586,6610,38,-53
2013-06-05 12:38:10,HydrogenBond,nidzela,5722,5827,0.0,5688,5865,-34,38
2013-06-05 12:43:07,Andrew Iannaccone,Rabid,6555,6664,0.0,6526,6715,-29,51
2013-06-05 12:48:31,HydrogenBond,Lekkit,5688,6291,0.0,5660,6316,-28,25
2013-06-05 13:07:47,HydrogenBond,SM.SM,5660,5847,1.0,5702,5808,42,-39
2013-06-05 15:42:19,Eevee,kilgoretrout103,5939,6376,1.0,6075,6341,136,-35
2013-06-05 16:00:23,kilgoretrout103,SheCantSayNo,6341,6745,0.0,6310,6775,-31,30
2013-06-05 16:24:11,Andrew Iannaccone,SheCantSayNo,6526,6775,1.0,6564,6739,38,-36
2013-06-05 16:30:19,Jeebus,Zan,6739,5785,0.0,6670,5840,-69,55
2013-06-05 16:42:35,calimero,SM.SM,5707,5808,1.0,5744,5769,37,-39
2013-06-05 16:49:23,Andrew Iannaccone,SheCantSayNo,6534,6771,0.0,6505,6801,-29,30
2013-06-05 16:50:08,calimero,Pinot,5744,6053,0.0,5719,6122,-25,69
2013-06-05 16:55:20,Jeebus,nidzela,6670,5773,0.0,6604,5826,-66,53
2013-06-05 16:56:00,SM.SM,wsc,5769,6093,1.0,5817,6027,48,-66
2013-06-05 17:02:54,kilgoretrout103,lightbulb,6238,6454,0.0,6204,6486,-34,32
2013-06-05 17:06:46,Andrew Iannaccone,SheCantSayNo,6505,6801,1.0,6542,6766,37,-35
2013-06-05 17:11:03,Jeebus,nidzela,6604,5826,1.0,6641,5803,37,-23
2013-06-05 17:48:18,calimero,Polk5440,5690,5778,1.0,5727,5726,37,-52
2013-06-05 17:54:43,Andrew Iannaccone,SheCantSayNo,6584,6730,1.0,6619,6697,35,-33
2013-06-05 17:59:39,Jeebus,wsc,6619,6189,0.0,6568,6262,-51,73
2013-06-05 18:03:12,calimero,Polk5440,5727,5726,1.0,5762,5677,35,-49
2013-06-05 18:03:24,Andrew Iannaccone,SheCantSayNo,6619,6697,0.0,6588,6728,-31,31
2013-06-05 18:20:56,dscarpac,Titandrake,5694,5809,1.0,5741,5763,47,-46
2013-06-05 18:25:02,Jeebus,wsc,6568,6262,0.0,6520,6331,-48,69
2013-06-05 18:57:32,calimero,zporiri,5701,5908,0.0,5676,5996,-25,88
2013-06-05 19:30:23,Andrew Iannaccone,calimero,6540,5711,1.0,6562,5689,22,-22
2013-06-05 20:00:36,Andrew Iannaccone,dscarpac,6562,5741,0.0,6522,5797,-40,56
2013-06-05 20:45:14,dscarpac,wsc,5726,6088,1.0,5775,6035,49,-53
2013-06-05 22:35:09,flyingkuyt,WhiteRabbit1981,6354,5725,1.0,6379,5698,25,-27
2013-06-05 22:58:26,flyingkuyt,wsc,6427,6100,0.0,6394,6153,-33,53
2013-06-05 23:14:57,flyingkuyt,wsc,6416,6093,0.0,6383,6145,-33,52
2013-06-06 00:28:54,Darter,Stealth Tomato,5748,6363,1.0,5795,6309,47,-54
2013-06-06 01:06:12,Fabian,sangatsu,6516,5822,1.0,6551,5794,35,-28
2013-06-06 01:11:17,Darter,Lekkit,5718,6194,1.0,5761,6159,43,-35
2013-06-06 01:20:28,iriho,Lekkit,6002,6159,1.0,6089,6131,87,-28
2013-06-06 01:45:09,Lagrangian,Lekkit,6126,6101,1.0,6161,6071,35,-30
2013-06-06 02:16:34,A Drowned Kernel,Darter,6184,5795,0.0,6119,5838,-65,43
2013-06-06 02:56:10,Darter,lightbulb,5880,6403,0.0,5853,6430,-27,27
2013-06-06 02:59:08,A Drowned Kernel,Lagrangian,6054,6161,0.0,6004,6198,-50,37
2013-06-06 03:10:24,A Drowned Kernel,Lagrangian,5980,6178,0.0,5929,6216,-51,38
2013-06-06 03:56:50,LESPEUTERE,SheCantSayNo,6620,6711,1.0,6671,6679,51,-32
2013-06-06 04:02:14,Lekkit,Pneumatiker,6058,5796,1.0,6090,5743,32,-53
2013-06-06 04:05:15,LESPEUTERE,SheCantSayNo,6671,6679,1.0,6720,6647,49,-32
2013-06-06 04:15:08,LESPEUTERE,SheCantSayNo,6720,6647,1.0,6767,6617,47,-30
2013-06-06 04:53:02,Lekkit,SheCantSayNo,6090,6549,0.0,6064,6577,-26,28
2013-06-06 05:13:06,Lekkit,SheCantSayNo,6142,6500,1.0,6180,6464,38,-36
2013-06-06 05:27:34,Lekkit,SheCantSayNo,6152,6493,0.0,6125,6522,-27,29
2013-06-06 05:37:21,HydrogenBond,Pinot,5703,5689,0.0,5669,5755,-34,66
2013-06-06 05:45:44,Lekkit,SheCantSayNo,6125,6522,1.0,6163,6486,38,-36
2013-06-06 06:17:05,dudeabides,SheCantSayNo,6188,6415,0.0,6156,6445,-32,30
2013-06-06 06:21:18,kenyou2859,LESPEUTERE,6499,6779,0.0,6451,6822,-48,43
2013-06-06 06:23:08,dudeabides,SheCantSayNo,6156,6445,0.0,6124,6475,-32,30
2013-06-06 06:29:35,dudeabides,SheCantSayNo,6167,6440,0.0,6136,6469,-31,29
2013-06-06 06:42:50,dudeabides,SheCantSayNo,6136,6469,0.0,6105,6498,-31,29
2013-06-06 07:21:16,Indur,SheCantSayNo,5759,6484,1.0,5890,6450,131,-34
2013-06-06 07:31:15,Indur,SheCantSayNo,5890,6450,0.0,5814,6480,-76,30
2013-06-06 07:40:11,Beyond Awesome,LESPEUTERE,6006,6820,1.0,6085,6769,79,-51
2013-06-06 07:43:07,lightbulb,Warfreak2,6483,5784,1.0,6510,5758,27,-26
2013-06-06 08:31:24,LESPEUTERE,lightbulb,6882,6425,1.0,6917,6398,35,-27
2013-06-06 08:34:39,Perna,Warfreak2,5878,5751,0.5,5879,5758,1,7
2013-06-06 08:44:41,Fabian,lightbulb,6617,6398,1.0,6658,6368,41,-30
2013-06-06 09:05:18,Fabian,lightbulb,6612,6409,1.0,6653,6379,41,-30
2013-06-06 09:15:12,Fabian,lightbulb,6653,6379,1.0,6693,6351,40,-28
2013-06-06 09:19:27,LESPEUTERE,Troninho,6955,6351,0.0,6907,6398,-48,47
2013-06-06 09:26:14,LESPEUTERE,SheCantSayNo,6907,6408,1.0,6940,6384,33,-24
2013-06-06 09:30:41,Darter,Perna,5900,5913,0.0,5866,5953,-34,40
2013-06-06 09:35:10,LESPEUTERE,SheCantSayNo,6940,6384,0.0,6893,6424,-47,40
2013-06-06 09:37:02,Fabian,lightbulb,6647,6391,0.0,6603,6430,-44,39
2013-06-06 09:41:13,LESPEUTERE,SheCantSayNo,6893,6424,0.0,6848,6462,-45,38
2013-06-06 09:47:45,LESPEUTERE,SheCantSayNo,6848,6462,0.0,6805,6500,-43,38
2013-06-06 09:53:03,LESPEUTERE,SheCantSayNo,6805,6500,0.0,6762,6536,-43,36
2013-06-06 10:17:10,Sargeras,sodapockey,5690,5727,0.5,5710,5741,20,14
2013-06-06 11:26:06,jsh357,PitrPicko,6404,6146,0.0,6348,6219,-56,73
2013-06-06 11:45:26,Gandi,Sargeras,5646,5729,1.0,5781,5681,135,-48
2013-06-06 11:55:55,SM.SM,stirfry_pal,5963,5758,1.0,6001,5718,38,-40
2013-06-06 12:15:13,bearskinrug,PitrPicko,5960,6203,1.0,6009,6144,49,-59
2013-06-06 12:34:13,Darter,wicket,5974,5754,1.0,6009,5707,35,-47
2013-06-06 12:46:08,loppo,Rabid,5850,6723,0.0,5808,6765,-42,42
2013-06-06 12:46:40,nidzela,wicket,5851,5707,1.0,5889,5660,38,-47
2013-06-06 13:01:39,PitrPicko,Troninho,6088,6428,1.0,6154,6392,66,-36
2013-06-06 13:03:07,nidzela,wicket,5889,5660,0.0,5853,5720,-36,60
2013-06-06 13:07:46,loppo,Rabid,5808,6765,0.0,5768,6804,-40,39
2013-06-06 13:20:54,Andrew Iannaccone,Troninho,6451,6427,1.0,6485,6393,34,-34
2013-06-06 13:39:17,Darter,Troninho,5949,6424,0.0,5922,6453,-27,29
2013-06-06 14:05:41,Darter,Troninho,5954,6479,0.0,5927,6507,-27,28
2013-06-06 14:21:55,Gandi,Jeebus,5781,6503,0.0,5699,6549,-82,46
2013-06-06 15:11:20,SheCantSayNo,Titandrake,6536,5865,1.0,6560,5831,24,-34
2013-06-06 15:17:42,PitrPicko,Troninho,6014,6507,0.0,5974,6538,-40,31
2013-06-06 15:28:58,SheCantSayNo,Titandrake,6560,5831,0.0,6523,5893,-37,62
2013-06-06 15:48:05,grebby f baby,jsh357,5709,6454,1.0,5772,6387,63,-67
2013-06-06 15:57:10,SM.SM,Troninho,6061,6437,1.0,6105,6399,44,-38
2013-06-06 16:04:21,SM.SM,Troninho,6105,6399,1.0,6146,6363,41,-36
2013-06-06 16:15:12,SM.SM,Troninho,6146,6363,0.0,6114,6395,-32,32
2013-06-06 16:18:45,bearskinrug,scott pilgrim,6149,5681,0.0,6111,5701,-38,20
2013-06-06 16:24:51,SM.SM,Troninho,6114,6395,0.0,6084,6426,-30,31
2013-06-06 16:28:25,bearskinrug,scott pilgrim,6111,5701,0.0,6076,5828,-35,127
2013-06-06 16:28:42,greens,RTT,5661,6404,0.5,5646,6390,-15,-14
2013-06-06 17:04:29,nidzela,Tom Collett,6005,5792,0.0,5969,5847,-36,55
2013-06-06 17:21:14,lightbulb,nidzela,6401,5969,0.0,6363,6012,-38,43
2013-06-06 19:55:56,Drab Emordnilap,SM.SM,5684,6074,1.0,5902,6047,218,-27
2013-06-06 20:11:27,jsh357,Slyfox,6387,5933,1.0,6434,5905,47,-28
2013-06-06 20:40:02,Andrew Iannaccone,dudeabides,6485,6237,1.0,6515,6206,30,-31
2013-06-06 20:56:28,Andrew Iannaccone,kilgoretrout103,6515,5821,1.0,6540,5796,25,-25
2013-06-06 20:59:28,dudeabides,greens,6206,5655,0.0,6166,5696,-40,41
2013-06-06 21:15:46,Fabian,lightbulb,6649,6431,0.0,6607,6469,-42,38
2013-06-06 21:22:15,dudeabides,Fabian,6186,6607,0.0,6159,6642,-27,35
2013-06-06 21:32:06,Fabian,Slyfox,6642,6014,0.5,6631,6033,-11,19
2013-06-06 21:46:17,Fabian,Slyfox,6631,6033,0.0,6584,6081,-47,48
2013-06-06 21:59:09,Andrew Iannaccone,scott pilgrim,6599,5828,0.0,6564,5966,-35,138
2013-06-07 01:54:06,hiroki,SM.SM,5731,5954,0.0,5702,5986,-29,32
2013-06-07 02:03:47,flyingkuyt,hiroki,6378,5702,1.0,6402,5677,24,-25
2013-06-07 02:27:58,hiroki,iriho,5720,5968,0.0,5695,6039,-25,71
2013-06-07 03:00:21,flyingkuyt,hiroki,6418,5694,1.0,6441,5670,23,-24
2013-06-07 03:00:32,Andrew Iannaccone,Cruxis,6676,5887,1.0,6699,5856,23,-31
2013-06-07 03:06:41,Cruxis,flyingkuyt,5834,6423,1.0,5895,6384,61,-39
2013-06-07 03:19:42,Cruxis,Troninho,5895,6517,0.0,5861,6546,-34,29
2013-06-07 03:37:57,Cruxis,flyingkuyt,5825,6435,1.0,5885,6397,60,-38
2013-06-07 03:50:06,David Nygren,Troninho,5725,6504,0.0,5673,6533,-52,29
2013-06-07 03:51:12,Lekkit,Warfreak2,6225,5693,0.0,6187,5740,-38,47
2013-06-07 03:53:29,Cruxis,Indur,5939,5806,0.0,5901,5909,-38,103
2013-06-07 04:03:32,Lekkit,Troninho,6187,6533,1.0,6226,6494,39,-39
2013-06-07 04:06:32,Troninho,Warfreak2,6494,5740,0.0,6451,5791,-43,51
2013-06-07 04:14:46,iriho,Troninho,6078,6451,1.0,6170,6417,92,-34
2013-06-07 04:51:17,flyingkuyt,SM.SM,6406,5923,1.0,6434,5895,28,-28
2013-06-07 04:57:01,iriho,Rene Kuroi,6193,5676,0.0,6124,5852,-69,176
2013-06-07 05:04:24,lightbulb,Warfreak2,6380,5745,0.0,6338,5793,-42,48
2013-06-07 05:08:26,iriho,Rene Kuroi,6124,5852,0.0,6062,6006,-62,154
2013-06-07 05:20:21,iriho,Rene Kuroi,6062,6006,0.0,6007,6143,-55,137
2013-06-07 05:48:20,lightbulb,RTT,6320,6329,0.0,6287,6367,-33,38
2013-06-07 06:02:02,calimero,Warfreak2,5660,5727,1.0,5625,5690,-35,-37
2013-06-07 06:02:15,Indur,SheCantSayNo,5981,6496,0.0,5912,6527,-69,31
2013-06-07 06:18:07,lightbulb,RTT,6292,6368,0.0,6260,6405,-32,37
2013-06-07 06:19:02,flyingkuyt,houroku,6314,5678,1.0,6340,5648,26,-30
2013-06-07 06:28:46,dudeabides,Stealth Tomato,6051,6484,0.0,6024,6524,-27,40
2013-06-07 06:37:59,Lekkit,SheCantSayNo,6352,6493,1.0,6388,6460,36,-33
2013-06-07 06:52:20,lightbulb,RTT,6281,6405,0.0,6250,6441,-31,36
2013-06-07 07:16:45,Beyond Awesome,RTT,6061,6441,0.0,6013,6475,-48,34
2013-06-07 07:40:55,bryanldoughty,SheCantSayNo,5642,6447,1.0,5631,6409,-11,-38
2013-06-07 18:36:13,eliegel,heron,6008,5751,0.0,5930,6133,-78,382
2013-06-07 18:51:14,eliegel,theParty,5930,6179,0.0,5863,6226,-67,47
2013-06-07 19:41:26,Slyfox,theParty,6061,6061,1.0,6103,6021,42,-40
2013-06-07 19:53:39,Slyfox,theParty,6103,6021,0.0,6066,6067,-37,46
2013-06-07 20:33:22,eliegel,Slyfox,6038,6063,0.0,5976,6106,-62,43
2013-06-07 21:01:54,Andrew Iannaccone,Slyfox,6789,6050,1.0,6813,6023,24,-27
2013-06-07 21:47:47,Slyfox,theParty,6047,5985,1.0,6085,5947,38,-38
2013-06-07 22:03:05,Slyfox,theParty,6085,5947,1.0,6121,5911,36,-36
2013-06-07 22:09:11,Andrew Iannaccone,eliegel,6813,6100,0.0,6776,6183,-37,83
2013-06-07 22:41:16,Andrew Iannaccone,eliegel,6804,6137,1.0,6831,6093,27,-44
2013-06-07 22:51:04,Andrew Iannaccone,eliegel,6831,6093,0.0,6793,6173,-38,80
2013-06-07 23:22:18,Andrew Iannaccone,Fabian,6793,6584,0.0,6760,6631,-33,47
2013-06-07 23:43:08,dscarpac,Slyfox,5762,6091,0.0,5726,6124,-36,33
2013-06-07 23:54:49,flyingkuyt,theParty,6442,5922,1.0,6469,5892,27,-30
2013-06-08 01:49:16,flyingkuyt,kn1tt3r,6481,6214,0.0,6449,6276,-32,62
2013-06-08 02:04:18,Sargeras,SM.SM,5756,6086,0.0,5708,6118,-48,32
2013-06-08 02:54:20,David Hunter,Schlippy,5740,5922,1.0,5800,5845,60,-77
2013-06-08 03:03:36,David Hunter,Schlippy,5777,5817,0.0,5735,5902,-42,85
2013-06-08 03:07:21,kn1tt3r,Troninho,6187,6458,0.0,6142,6493,-45,35
2013-06-08 03:13:29,RTT,Stef,6403,7185,1.0,6456,7123,53,-62
2013-06-08 03:23:47,lightbulb,Troninho,6260,6493,0.0,6229,6527,-31,34
2013-06-08 03:29:06,Geronimoo,lightbulb,5811,6229,1.0,5948,6196,137,-33
2013-06-08 03:37:03,Rabid,SheCantSayNo,6839,6450,0.0,6775,6491,-64,41
2013-06-08 04:09:20,Rabid,SheCantSayNo,6768,6503,1.0,6819,6477,51,-26
2013-06-08 04:23:55,Rabid,SheCantSayNo,6819,6477,0.0,6760,6517,-59,40
2013-06-08 04:27:58,Fabian,Sargeras,6610,5847,1.0,6646,5809,36,-38
2013-06-08 04:28:55,calimero,lightbulb,5633,6135,1.0,5674,6094,41,-41
2013-06-08 05:04:37,dudeabides,Stef,6092,7238,0.5,6122,7211,30,-27
2013-06-08 05:18:52,lightbulb,Tom Collett,6104,6030,0.0,6072,6084,-32,54
2013-06-08 05:24:59,kn1tt3r,Tom Collett,6142,6084,1.0,6197,6040,55,-44
2013-06-08 05:30:13,Geronimoo,Warfreak2,6267,5911,1.0,6350,5885,83,-26
2013-06-08 05:36:07,Sargeras,Warfreak2,5766,5885,0.0,5718,5923,-48,38
2013-06-08 05:44:10,dudeabides,Stef,6178,7146,0.0,6156,7177,-22,31
2013-06-08 05:52:32,PitrPicko,Wandering Winder,6063,6598,0.0,6027,6660,-36,62
2013-06-08 05:53:18,flyingkuyt,Tom Collett,6456,6026,1.0,6486,5988,30,-38
2013-06-08 06:00:19,dudeabides,Stef,6156,7177,0.0,6135,7207,-21,30
2013-06-08 06:12:45,attrill,Eevee,6017,5985,0.0,5974,6114,-43,129
2013-06-08 06:46:06,Geronimoo,Stef,6212,7207,0.0,6163,7242,-49,35
2013-06-08 06:47:34,Eevee,SheCantSayNo,6025,6582,0.0,5935,6613,-90,31
2013-06-08 07:02:04,attrill,Eevee,5931,5935,0.0,5889,6049,-42,114
2013-06-08 07:02:41,strongpoet,Troninho,5619,6527,1.0,5616,6479,-3,-48
2013-06-08 07:05:19,kn1tt3r,Warfreak2,6263,5773,1.0,6305,5746,42,-27
2013-06-08 07:11:24,Lekkit,Wandering Winder,6476,6833,0.0,6450,6891,-26,58
2013-06-08 07:11:34,Geronimoo,Warfreak2,6100,5746,1.0,6168,5720,68,-26
2013-06-08 07:52:16,qmech,RTT,6358,6419,0.5,6364,6433,6,14
2013-06-08 08:04:21,SheCantSayNo,Stef,6634,7245,0.0,6611,7280,-23,35
2013-06-08 08:11:19,SheCantSayNo,Stef,6611,7280,0.5,6628,7267,17,-13
2013-06-08 08:18:31,Troninho,Warfreak2,6504,5786,1.0,6531,5761,27,-25
2013-06-08 08:51:24,SheCantSayNo,Stef,6647,7247,1.0,6688,7197,41,-50
2013-06-08 09:04:19,SheCantSayNo,Stef,6688,7197,0.0,6664,7232,-24,35
2013-06-08 09:09:32,sodapockey,Wandering Winder,5665,6945,0.5,5662,6909,-3,-36
2013-06-08 09:16:01,sodapockey,Wandering Winder,5662,6909,0.0,5631,6949,-31,40
2013-06-08 09:41:55,SheCantSayNo,Stef,6617,7297,0.0,6595,7328,-22,31
2013-06-08 09:47:04,lightbulb,Rabid,6130,6705,0.0,6105,6747,-25,42
2013-06-08 09:49:09,SheCantSayNo,Stef,6595,7328,0.0,6573,7359,-22,31
2013-06-08 10:01:14,SheCantSayNo,Stef,6573,7359,0.0,6551,7388,-22,29
2013-06-08 10:07:17,lightbulb,Wandering Winder,6060,6854,0.0,6039,6896,-21,42
2013-06-08 10:11:31,SheCantSayNo,Stef,6551,7388,1.0,6595,7336,44,-52
2013-06-08 10:15:25,Adam Horton,dudeabides,6198,6181,0.0,6097,6223,-101,42
2013-06-08 10:23:23,lightbulb,Wandering Winder,6018,6936,0.0,5997,6974,-21,38
2013-06-08 10:29:07,Adam Horton,dudeabides,6097,6223,1.0,6202,6194,105,-29
2013-06-08 10:32:27,SheCantSayNo,Stef,6638,7286,0.0,6615,7316,-23,30
2013-06-08 10:42:01,SheCantSayNo,Stef,6615,7316,1.0,6657,7268,42,-48
2013-06-08 10:51:50,lightbulb,WhiteRabbit1981,6022,5692,0.0,5987,5737,-35,45
2013-06-08 11:31:18,SheCantSayNo,Stef,6657,7268,1.0,6697,7221,40,-47
2013-06-08 11:43:08,lightbulb,Warfreak2,5926,5756,1.0,5958,5725,32,-31
2013-06-08 12:22:02,Troninho,Warfreak2,6668,5733,0.0,6622,5783,-46,50
2013-06-08 12:42:03,SheCantSayNo,Stef,6688,7238,1.0,6727,7193,39,-45
2013-06-08 12:57:48,SM.SM,Troninho,6134,6622,0.0,6106,6651,-28,29
2013-06-08 13:00:09,SheCantSayNo,Stef,6739,7186,1.0,6776,7144,37,-42
2013-06-08 13:13:48,SheCantSayNo,Stef,6776,7144,0.0,6751,7176,-25,32
2013-06-08 13:23:12,SM.SM,Troninho,6151,6611,0.0,6123,6640,-28,29
2013-06-08 13:27:03,SM.SM,Troninho,6123,6640,1.0,6166,6600,43,-40
2013-06-08 13:45:16,Stef,Troninho,7205,6575,0.0,7161,6619,-44,44
2013-06-08 13:54:05,Stef,Troninho,7161,6619,0.0,7119,6661,-42,42
2013-06-08 14:51:01,SM.SM,Stef,6148,7180,0.0,6127,7203,-21,23
2013-06-08 15:00:28,Stef,Troninho,7203,6617,0.0,7160,6660,-43,43
2013-06-08 15:11:36,Stef,Troninho,7160,6660,0.0,7119,6701,-41,41
2013-06-08 15:31:03,scott pilgrim,Stef,5864,7119,1.0,6006,7074,142,-45
2013-06-08 15:39:06,SM.SM,Stef,6127,7074,1.0,6177,7027,50,-47
2013-06-08 15:47:26,SM.SM,Stef,6177,7027,1.0,6224,6982,47,-45
2013-06-08 15:51:10,Jeebus,Troninho,6601,6701,0.5,6608,6704,7,3
2013-06-08 15:56:27,SM.SM,Stef,6224,6982,0.0,6200,7007,-24,25
2013-06-08 16:08:04,SM.SM,Stef,6200,7007,0.0,6177,7032,-23,25
2013-06-08 16:24:08,SM.SM,Stef,6177,7032,0.0,6155,7056,-22,24
2013-06-08 16:47:11,PitrPicko,Troninho,6180,6704,0.0,6141,6733,-39,29
2013-06-08 18:56:13,dscarpac,Jeebus,5705,6608,0.0,5677,6645,-28,37
2013-06-08 19:58:16,Mic Qsenoch,SM.SM,6383,6157,1.0,6445,6131,62,-26
2013-06-08 21:27:32,Jeebus,manzi,6645,5885,1.0,6687,5835,42,-50
2013-06-08 22:06:01,Andrew Iannaccone,manzi,6870,5804,1.0,6894,5762,24,-42
2013-06-08 22:30:37,Andrew Iannaccone,jaybeez,6894,5781,1.0,6917,5750,23,-31
2013-06-08 23:08:04,Andrew Iannaccone,Slyfox,6917,6041,1.0,6941,6016,24,-25
2013-06-08 23:20:19,Fabian,manzi,6683,6014,1.0,6721,5970,38,-44
2013-06-08 23:28:21,Fabian,manzi,6721,5970,0.0,6671,6057,-50,87
2013-06-08 23:31:46,Andrew Iannaccone,Slyfox,6941,6016,1.0,6965,5993,24,-23
2013-06-08 23:37:50,Fabian,manzi,6671,6057,0.0,6623,6138,-48,81
2013-06-09 00:33:38,Andrew Lazarev,SM.SM,5728,6137,1.0,5772,6100,44,-37
2013-06-09 00:41:38,Andrew Lazarev,houroku,5772,5666,0.0,5736,5708,-36,42
2013-06-09 01:00:51,Andrew Lazarev,houroku,5736,5708,0.0,5702,5748,-34,40
2013-06-09 01:28:08,Fabian,jaybeez,6657,5894,1.0,6690,5860,33,-34
2013-06-09 01:33:07,lightbulb,WhiteRabbit1981,5944,5712,1.0,5975,5679,31,-33
2013-06-09 01:40:09,Fabian,jaybeez,6690,5860,1.0,6721,5828,31,-32
2013-06-09 01:53:10,Geronimoo,Twistedarcher,6314,5853,0.0,6243,5931,-71,78
2013-06-09 02:06:28,Perry Green,SM.SM,6225,6144,0.0,6125,6183,-100,39
2013-06-09 02:57:23,Andrew Lazarev,fah,5638,5872,1.0,5680,5796,42,-76
2013-06-09 03:01:38,Perry Green,Troninho,6205,6803,0.0,6134,6833,-71,30
2013-06-09 03:12:02,fah,nomnomnom,5693,6320,0.0,5656,6470,-37,150
2013-06-09 03:12:44,Perry Green,SM.SM,6102,6191,1.0,6203,6162,101,-29
2013-06-09 03:15:39,lightbulb,loppo,5924,5851,0.0,5893,5932,-31,81
2013-06-09 03:22:42,lightbulb,Rabid,5893,6723,0.5,5916,6701,23,-22
2013-06-09 04:04:12,Lotoreo,WhiteRabbit1981,5672,5640,0.0,5637,5638,-35,-2
2013-06-09 04:08:18,lightbulb,Rabid,5800,6671,1.0,5849,6603,49,-68
2013-06-09 04:17:26,Lotoreo,PitrPicko,5637,6080,1.0,5682,6020,45,-60
2013-06-09 04:22:41,Lotoreo,WhiteRabbit1981,5682,5638,0.0,5647,5644,-35,6
2013-06-09 05:22:29,strongpoet,Troninho,5608,6814,1.0,5662,6763,54,-51
2013-06-09 05:36:38,Lotoreo,secret tunnel,5647,5758,1.0,5687,5707,40,-51
2013-06-09 05:37:28,fah,Troninho,5861,6763,1.0,5957,6722,96,-41
2013-06-09 06:19:20,Rabid,Stef,6637,7021,1.0,6696,6982,59,-39
2013-06-09 06:25:13,Indur,manzi,5951,6116,0.0,5877,6184,-74,68
2013-06-09 06:33:20,LosChikitos,PitrPicko,5670,6042,1.0,5718,5986,48,-56
2013-06-09 06:39:13,Rabid,Stef,6696,6982,1.0,6752,6945,56,-37
2013-06-09 07:04:43,PitrPicko,Troninho,6055,6684,1.0,6121,6645,66,-39
2013-06-09 07:11:56,PitrPicko,Troninho,6121,6645,1.0,6183,6608,62,-37
2013-06-09 07:27:59,Lotoreo,Stealth Tomato,5739,6544,1.0,5788,6481,49,-63
2013-06-09 07:28:08,Rabid,Stef,6710,6981,0.0,6670,7015,-40,34
2013-06-09 07:35:14,PitrPicko,Troninho,6144,6638,1.0,6204,6601,60,-37
2013-06-09 07:39:14,Lotoreo,Stealth Tomato,5788,6481,0.0,5764,6519,-24,38
2013-06-09 07:47:27,PitrPicko,Troninho,6262,6565,1.0,6317,6531,55,-34
2013-06-09 07:54:10,Rabid,Stef,6670,7015,1.0,6725,6977,55,-38
2013-06-09 08:05:14,PitrPicko,Troninho,6369,6498,0.0,6327,6531,-42,33
2013-06-09 08:12:32,Rabid,Stef,6725,6977,1.0,6778,6941,53,-36
2013-06-09 08:14:02,Fabian,lightbulb,6832,5918,0.0,6775,5967,-57,49
2013-06-09 08:16:19,PitrPicko,Troninho,6327,6531,1.0,6378,6498,51,-33
2013-06-09 09:20:04,Fabian,Stef,6693,6977,0.0,6658,7010,-35,33
2013-06-09 09:24:02,Herbet,Masschy,5694,5880,1.0,5732,5833,38,-47
2013-06-09 09:28:43,Fabian,Stef,6658,7010,0.0,6624,7041,-34,31
2013-06-09 09:35:02,Herbet,Masschy,5732,5833,0.0,5702,5878,-30,45
2013-06-09 09:37:12,Eevee,sodapockey,6015,5681,0.0,5900,5765,-115,84
2013-06-09 09:48:01,Herbet,Masschy,5702,5878,0.0,5674,5922,-28,44
2013-06-09 10:04:03,fah,Troninho,5957,6466,1.0,6038,6431,81,-35
2013-06-09 10:22:23,heron,kn1tt3r,5882,6172,0.0,5834,6219,-48,47
2013-06-09 10:41:20,SheCantSayNo,Stef,6744,7064,0.0,6717,7095,-27,31
2013-06-09 10:48:37,kn1tt3r,Troninho,6290,6436,1.0,6341,6404,51,-32
2013-06-09 10:57:51,SheCantSayNo,Stef,6717,7095,0.0,6690,7125,-27,30
2013-06-09 11:14:57,Perry Green,Stealth Tomato,6129,6650,0.0,6061,6692,-68,42
2013-06-09 11:25:03,theParty,Troninho,5867,6461,1.0,5919,6423,52,-38
2013-06-09 11:29:14,Emeric,Perry Green,5628,5950,1.0,5681,5859,53,-91
2013-06-09 11:38:26,Lotoreo,wicket,5764,5646,0.0,5733,5714,-31,68
2013-06-09 11:44:05,Stealth Tomato,Troninho,6710,6423,1.0,6750,6396,40,-27
2013-06-09 11:51:02,heron,Troninho,5919,6396,1.0,5989,6362,70,-34
2013-06-09 11:54:36,Lotoreo,wicket,5733,5714,0.0,5702,5778,-31,64
2013-06-09 12:00:10,heron,Troninho,5989,6362,0.0,5943,6391,-46,29
2013-06-09 12:10:35,heron,Troninho,5943,6391,0.0,5899,6420,-44,29
2013-06-09 12:12:23,SheCantSayNo,Stef,6638,7183,0.0,6613,7210,-25,27
2013-06-09 12:14:02,Geronimoo,SM.SM,6258,6122,0.0,6192,6162,-66,40
2013-06-09 12:38:01,Geronimoo,Rabid,6275,6738,0.0,6228,6779,-47,41
2013-06-09 12:47:02,Lotoreo,Wandering Winder,5645,7297,1.0,5692,7213,47,-84
2013-06-09 12:51:21,Rabid,SheCantSayNo,6779,6595,1.0,6822,6567,43,-28
2013-06-09 12:53:27,PitrPicko,Stef,6437,7226,1.0,6498,7184,61,-42
2013-06-09 13:02:24,Eevee,Niuz,6322,5925,1.0,6414,5852,92,-73
2013-06-09 13:09:16,Eevee,Niuz,6414,5852,1.0,6499,5787,85,-65
2013-06-09 13:09:37,Rabid,SheCantSayNo,6822,6567,0.0,6775,6604,-47,37
2013-06-09 13:14:31,PitrPicko,Stef,6498,7184,0.0,6467,7210,-31,26
2013-06-09 13:17:00,Rabid,SheCantSayNo,6775,6604,1.0,6817,6576,42,-28
2013-06-09 13:23:03,Stealth Tomato,theParty,6678,5909,0.0,6626,5963,-52,54
2013-06-09 13:23:33,Titandrake,Troninho,5788,6448,0.0,5753,6473,-35,25
2013-06-09 13:27:12,nidzela,Psyduck,5756,5731,0.0,5726,5847,-30,116
2013-06-09 13:30:29,Rabid,SheCantSayNo,6817,6576,0.0,6772,6613,-45,37
2013-06-09 13:32:50,theParty,Troninho,5963,6473,0.0,5933,6500,-30,27
2013-06-09 13:33:56,Niuz,Stealth Tomato,5926,6626,1.0,6050,6583,124,-43
2013-06-09 13:34:57,Geronimoo,GwinnR,6198,5787,0.0,6144,5897,-54,110
2013-06-09 13:40:53,theParty,Troninho,5933,6500,0.0,5903,6526,-30,26
2013-06-09 13:49:51,Eevee,Johannes Dorn,6559,5636,0.0,6446,5676,-113,40
2013-06-09 14:26:26,krugs525,Stef,5662,7258,1.0,5887,7214,225,-44
2013-06-09 14:42:36,Eevee,Johannes Dorn,6508,5676,0.5,6474,5683,-34,7
2013-06-09 14:45:17,SM.SM,Stef,6155,7235,1.0,6206,7188,51,-47
2013-06-09 14:47:29,Jeebus,Pinot,6427,5659,0.0,6367,5701,-60,42
2013-06-09 15:06:03,SM.SM,Stealth Tomato,6206,6590,0.0,6179,6625,-27,35
2013-06-09 15:40:21,SM.SM,Stef,6179,7213,0.0,6158,7234,-21,21
2013-06-09 15:59:19,scott pilgrim,Wandering Winder,5975,7267,1.0,6126,7206,151,-61
2013-06-09 16:29:55,grebby f baby,Pinot,5742,5774,0.0,5695,5824,-47,50
2013-06-09 16:50:18,Pinot,scott pilgrim,5782,6126,0.0,5750,6209,-32,83
2013-06-09 16:56:14,lightbulb,Wandering Winder,6041,7134,1.0,6092,7071,51,-63
2013-06-09 17:09:20,scott pilgrim,SheCantSayNo,6316,6675,1.0,6415,6645,99,-30
2013-06-09 17:20:51,majormajor,Ogee,5620,5846,1.0,5670,5769,50,-77
2013-06-09 17:21:17,scott pilgrim,SheCantSayNo,6415,6645,1.0,6507,6616,92,-29
2013-06-09 17:33:48,lightbulb,Wandering Winder,6092,7139,0.0,6072,7168,-20,29
2013-06-09 18:08:22,hiroki,jaybeez,5670,5806,1.0,5694,5755,24,-51
2013-06-09 18:21:07,hiroki,Wandering Winder,5694,7195,0.0,5677,7217,-17,22
2013-06-09 18:41:13,hiroki,lightbulb,5677,5912,1.0,5670,5877,-7,-35
2013-06-10 00:28:00,iriho,Slyfox,5870,6004,0.0,5808,6045,-62,41
2013-06-10 00:38:28,iriho,Slyfox,5808,6045,0.0,5750,6085,-58,40
2013-06-10 02:15:10,lightbulb,SM.SM,5961,6066,0.0,5931,6099,-30,33
2013-06-10 02:21:47,lightbulb,SM.SM,5931,6099,0.0,5902,6130,-29,31
2013-06-10 03:17:13,lightbulb,Troninho,5918,6577,0.0,5893,6603,-25,26
2013-06-10 03:44:56,lightbulb,Troninho,5907,6560,1.0,5950,6519,43,-41
2013-06-10 04:46:37,Hampus Eriksson.0000,PitrPicko,5690,6426,1.0,5711,6371,21,-55
2013-06-10 05:03:28,Hampus Eriksson.0000,SheCantSayNo,5711,6636,0.0,5682,6660,-29,24
2013-06-10 05:17:57,Indur,SheCantSayNo,5823,6660,1.0,5941,6622,118,-38
2013-06-10 05:18:06,dudeabides,lightbulb,6014,5883,1.0,6052,5853,38,-30
2013-06-10 05:51:30,houroku,Rene Kuroi,5709,6009,0.5,5686,5993,-23,-16
2013-06-10 06:35:51,dudeabides,nidzela,6108,5725,0.0,6066,5772,-42,47
2013-06-10 07:03:22,SheCantSayNo,theParty,6527,5953,1.0,6553,5923,26,-30
2013-06-10 07:27:45,PitrPicko,SheCantSayNo,6376,6553,0.0,6338,6584,-38,31
2013-06-10 08:06:17,jhovall_goko,Lotoreo,5987,5726,1.0,6061,5700,74,-26
2013-06-10 08:15:24,Andrew Iannaccone,SheCantSayNo,7015,6598,1.0,7048,6573,33,-25
2013-06-10 08:18:02,jhovall_goko,Lotoreo,6061,5744,0.0,5976,5788,-85,44
2013-06-10 08:18:04,nnn,PitrPicko,6095,6231,0.0,6036,6275,-59,44
2013-06-10 08:31:19,Andrew Iannaccone,SheCantSayNo,7048,6573,1.0,7079,6547,31,-26
2013-06-10 08:44:06,Andrew Iannaccone,SheCantSayNo,7079,6547,0.0,7035,6587,-44,40
2013-06-10 08:53:46,Andrew Iannaccone,SheCantSayNo,7035,6587,0.0,6993,6626,-42,39
2013-06-10 09:33:12,flyingkuyt,Jason Chan,6341,5626,0.0,6302,5779,-39,153
2013-06-10 10:18:01,Andrew Iannaccone,SheCantSayNo,7016,6611,1.0,7047,6586,31,-25
2013-06-10 10:39:09,Andrew Iannaccone,SheCantSayNo,7006,6624,1.0,7037,6598,31,-26
2013-06-10 10:41:04,Andrew Iannaccone,SheCantSayNo,7037,6598,0.0,6996,6636,-41,38
2013-06-10 11:04:22,Andrew Iannaccone,SheCantSayNo,7028,6610,1.0,7058,6585,30,-25
2013-06-10 11:29:43,Andrew Iannaccone,SheCantSayNo,7058,6585,0.0,7017,6623,-41,38
2013-06-10 11:33:44,bearskinrug,Psyduck,5727,5954,0.0,5699,6059,-28,105
2013-06-10 11:43:54,kn1tt3r,loppo,6088,5903,1.0,6136,5834,48,-69
2013-06-10 11:51:13,Andrew Iannaccone,SheCantSayNo,7048,6597,0.0,7007,6634,-41,37
2013-06-10 13:04:56,GwinnR,Lekkit,5943,6424,1.0,6045,6385,102,-39
2013-06-10 13:15:16,Kirian,Troninho,5690,6453,1.0,5744,6415,54,-38
2013-06-10 13:35:09,bearskinrug,Gorling,5718,5916,1.0,5695,5774,-23,-142
2013-06-10 13:44:18,GwinnR,Lekkit,6237,6324,1.0,6316,6291,79,-33
2013-06-10 13:54:40,lightbulb,theParty,5828,6143,1.0,5865,6103,37,-40
2013-06-10 14:03:40,lightbulb,theParty,5865,6103,1.0,5901,6063,36,-40
2013-06-10 14:17:05,RTT,theParty,6411,6023,1.0,6445,5993,34,-30
2013-06-10 14:26:58,lightbulb,secret tunnel,5901,5821,0.0,5871,5877,-30,56
2013-06-10 14:53:04,First,lightbulb,5725,5847,1.0,6037,5830,312,-17
2013-06-10 14:58:36,First,lightbulb,6037,5830,1.0,6290,5814,253,-16
2013-06-10 15:00:17,Rabid,SheCantSayNo,6680,6829,0.0,6642,6859,-38,30
2013-06-10 15:03:04,Lotoreo,scott pilgrim,5817,6190,0.0,5792,6254,-25,64
2013-06-10 15:12:30,RTT,scott pilgrim,6451,6254,1.0,6490,6192,39,-62
2013-06-10 16:02:00,scott pilgrim,Twistedarcher,6240,6081,1.0,6309,6037,69,-44
2013-06-10 19:06:17,grebby f baby,Kirian,5702,5794,1.0,5756,5746,54,-48
2013-06-10 20:01:11,Andrew Iannaccone,hiroki,6932,5736,1.0,6952,5714,20,-22
2013-06-10 20:05:02,Beyond Awesome,grebby f baby,5980,5732,0.0,5912,5789,-68,57
2013-06-10 20:15:24,grebby f baby,Kirian,5789,5735,0.0,5746,5787,-43,52
2013-06-10 20:21:41,hiroki,Perna,5714,6161,0.0,5685,6197,-29,36
2013-06-10 20:22:15,Beyond Awesome,grebby f baby,5839,5746,0.0,5778,5798,-61,52
2013-06-10 20:26:42,Andrew Iannaccone,Kirian,6952,5787,1.0,6974,5760,22,-27
2013-06-10 20:44:59,Andrew Iannaccone,Kirian,6926,5833,1.0,6948,5806,22,-27
2013-06-10 21:04:28,David Hunter,SM.SM,5786,6126,0.0,5741,6158,-45,32
2013-06-10 21:20:34,jaybeez,nate_w,5833,6022,1.0,5896,5960,63,-62
2013-06-10 21:33:03,jaybeez,Titandrake,5896,5696,0.0,5845,5751,-51,55
2013-06-10 21:41:58,Andrew Iannaccone,eliegel,6948,5833,1.0,6971,5797,23,-36
2013-06-10 22:05:07,Andrew Iannaccone,eliegel,6971,5797,0.0,6925,5891,-46,94
2013-06-10 22:20:01,Andrew Iannaccone,jaybeez,6925,5837,1.0,6948,5807,23,-30
2013-06-10 22:33:35,Emeric,SM.SM,5906,6187,0.0,5871,6219,-35,32
2013-06-10 22:38:29,Perry Green,scott pilgrim,5901,6309,1.0,6001,6247,100,-62
2013-06-10 23:18:08,Andrew Iannaccone,Titandrake,6873,5873,1.0,6896,5845,23,-28
2013-06-10 23:19:01,Darter,eliegel,6029,6047,0.0,5991,6104,-38,57
2013-06-10 23:51:22,scott pilgrim,Slyfox,6416,6021,1.0,6467,5991,51,-30
2013-06-10 23:52:33,Andrew Iannaccone,Titandrake,6918,5817,1.0,6939,5791,21,-26
2013-06-10 23:57:16,Darter,eliegel,5991,6117,0.0,5954,6169,-37,52
2013-06-11 00:00:14,scott pilgrim,Slyfox,6467,5991,1.0,6516,5962,49,-29
2013-06-11 00:10:00,Lekkit,Perry Green,6241,6078,1.0,6280,6010,39,-68
2013-06-11 00:10:05,eliegel,Slyfox,6169,5962,1.0,6219,5930,50,-32
2013-06-11 01:05:16,David Hunter,Lekkit,5788,6371,1.0,5856,6330,68,-41
2013-06-11 01:07:01,RTT,SM.SM,6418,6213,1.0,6452,6183,34,-30
2013-06-11 01:18:41,RTT,SM.SM,6452,6183,0.0,6414,6222,-38,39
2013-06-11 01:26:36,Lekkit,Perry Green,6330,5803,1.0,6363,5755,33,-48
2013-06-11 04:36:10,Lekkit,SheCantSayNo,6347,6841,0.0,6318,6868,-29,27
2013-06-11 04:52:09,Fabian,flyingkuyt,6444,6283,1.0,6488,6251,44,-32
2013-06-11 05:01:28,Fabian,flyingkuyt,6488,6251,0.0,6442,6294,-46,43
2013-06-11 05:09:12,Fabian,lightbulb,6442,5882,1.0,6478,5857,36,-25
2013-06-11 05:11:23,Lekkit,theParty,6318,5961,0.0,6279,6007,-39,46
2013-06-11 05:14:49,Fabian,lightbulb,6478,5857,1.0,6513,5833,35,-24
2013-06-11 05:26:53,Dumbassador,Perna,5952,6035,1.0,6035,5999,83,-36
2013-06-11 05:44:05,Perna,secret tunnel,5999,5772,1.0,6040,5730,41,-42
2013-06-11 05:52:09,dudeabides,theParty,6020,6007,0.0,5984,6048,-36,41
2013-06-11 06:06:08,lightbulb,majormajor,5873,5716,1.0,5907,5667,34,-49
2013-06-11 06:19:19,Indur,Warfreak2,5783,5787,0.5,5789,5797,6,10
2013-06-11 06:21:43,Lekkit,theParty,6344,6015,1.0,6377,5984,33,-31
2013-06-11 07:11:15,iriho,Rene Kuroi,5939,6125,0.0,5900,6201,-39,76
2013-06-11 07:44:40,Perry Green,theParty,5708,6030,1.0,5783,5993,75,-37
2013-06-11 07:56:59,flyingkuyt,yed,6353,5726,0.0,6309,5677,-44,-49
2013-06-11 08:21:12,flyingkuyt,LESPEUTERE,6309,6767,1.0,6354,6708,45,-59
2013-06-11 08:26:12,lightbulb,Stealth Tomato,5993,6434,1.0,6032,6390,39,-44
2013-06-11 08:48:03,lightbulb,manzi,6032,6175,0.0,6005,6233,-27,58
2013-06-11 08:55:29,Stef,zporiri,7217,5796,1.0,7242,5740,25,-56
2013-06-11 09:44:05,Fabian,lightbulb,6513,6013,0.5,6503,6027,-10,14
2013-06-11 09:56:29,Fabian,lightbulb,6503,6057,1.0,6540,6033,37,-24
2013-06-11 09:57:38,Darter,flyingkuyt,5897,6412,1.0,5953,6373,56,-39
2013-06-11 10:01:14,Emeric,RTT,5800,6190,1.0,5851,6152,51,-38
2013-06-11 10:06:19,Fabian,lightbulb,6540,6033,0.0,6491,6072,-49,39
2013-06-11 10:13:45,Davio,sachihira,6273,5820,1.0,6368,5792,95,-28
2013-06-11 10:23:55,Darter,flyingkuyt,5953,6373,0.0,5918,6404,-35,31
2013-06-11 10:43:04,jhovall_goko,lightbulb,5809,6035,1.0,5881,6005,72,-30
2013-06-11 10:53:21,Darter,flyingkuyt,5937,6396,0.0,5903,6426,-34,30
2013-06-11 11:00:02,Darter,flyingkuyt,5903,6426,0.0,5871,6454,-32,28
2013-06-11 11:17:25,Darter,flyingkuyt,5871,6454,1.0,5925,6415,54,-39
2013-06-11 11:27:20,Darter,TrickStaR,5925,6123,1.0,5976,6044,51,-79
2013-06-11 12:12:19,RTT,TrickStaR,6172,6106,0.0,6141,6184,-31,78
2013-06-11 12:40:42,Fabian,Robz888,6462,6159,0.0,6421,6226,-41,67
2013-06-11 12:49:25,Emeric,Rabid,5952,6646,0.0,5923,6680,-29,34
2013-06-11 13:10:55,nidzela,theParty,5813,5982,1.0,5855,5946,42,-36
2013-06-11 13:13:09,Warfreak2,wicket,5797,5666,0.0,5762,5720,-35,54
2013-06-11 13:34:09,Gorling,qmech,5736,6346,1.0,5923,6215,187,-131
2013-06-11 13:39:17,Ogee,Psyduck,5691,5914,1.0,5787,5808,96,-106
2013-06-11 13:49:16,nate_w,Ogee,5822,5787,1.0,5884,5722,62,-65
2013-06-11 13:52:34,Rabid,Zan,6697,5754,1.0,6727,5729,30,-25
2013-06-11 14:52:15,Tom Collett,Troninho,5936,6533,1.0,6004,6495,68,-38
2013-06-11 15:05:10,Titandrake,Troninho,5939,6495,0.0,5905,6523,-34,28
2013-06-11 15:39:08,Mic Qsenoch,RTT,6814,6043,0.0,6736,6091,-78,48
2013-06-11 17:22:25,First,TrickStaR,5807,6184,1.0,5819,6119,12,-65
2013-06-11 18:38:37,nate_w,Ogee,5820,5695,0.0,5772,5772,-48,77
2013-06-11 19:01:04,Drew Spencer,SM.SM,5668,6172,1.0,5713,6134,45,-38
2013-06-11 19:02:48,scott pilgrim,zporiri,6600,5878,1.0,6649,5830,49,-48
2013-06-11 19:10:00,scott pilgrim,zporiri,6649,5830,0.0,6584,5934,-65,104
2013-06-11 21:13:41,SM.SM,theParty,6099,6034,1.0,6134,6000,35,-34
2013-06-11 21:21:41,SM.SM,theParty,6134,6000,0.0,6099,6039,-35,39
2013-06-11 21:27:26,lightbulb,Slyfox,6011,5924,1.0,6042,5886,31,-38
2013-06-11 21:33:42,Perry Green,Underdog,5847,6001,1.0,5918,5946,71,-55
2013-06-11 22:10:11,Andrew Iannaccone,theParty,7020,6075,1.0,7044,6052,24,-23
2013-06-11 22:42:22,Andrew Iannaccone,David Hunter,7081,5725,0.0,7031,5813,-50,88
2013-06-11 23:16:09,Perna,theParty,6144,6066,1.0,6181,6034,37,-32
2013-06-11 23:27:21,Perry Green,Robz888,5801,6311,0.0,5759,6360,-42,49
2013-06-11 23:37:12,Andrew Iannaccone,SM.SM,7092,6077,1.0,7114,6055,22,-22
2013-06-12 00:00:25,Andrew Iannaccone,SM.SM,7114,6055,1.0,7136,6034,22,-21
2013-06-12 00:17:58,scott pilgrim,Stealth Tomato,6486,6404,0.0,6438,6446,-48,42
2013-06-12 01:06:13,SM.SM,Stealth Tomato,6020,6502,1.0,6062,6460,42,-42
2013-06-12 01:15:42,justicoelcampeo,yed,6023,5747,0.0,5729,5793,-294,46
2013-06-12 01:28:31,Andrew Iannaccone,RTT,7136,6091,0.0,7088,6141,-48,50
2013-06-12 01:47:03,Andrew Iannaccone,RTT,7088,6141,0.0,7042,6189,-46,48
2013-06-12 03:21:15,Bernardo Bachetti,yed,5721,5775,1.0,5762,5742,41,-33
2013-06-12 03:33:10,Bernardo Bachetti,Indur,5762,5655,0.0,5728,5711,-34,56
2013-06-12 03:54:34,RTT,yed,6236,5742,0.0,6196,5784,-40,42
2013-06-12 04:02:37,lightbulb,PitrPicko,6031,6272,0.0,6003,6316,-28,44
2013-06-12 04:49:14,Geronimoo,PitrPicko,6326,6340,0.0,6276,6389,-50,49
2013-06-12 05:04:36,Geronimoo,PitrPicko,6322,6389,1.0,6380,6348,58,-41
2013-06-12 06:07:32,Geronimoo,LESPEUTERE,6327,6830,1.0,6392,6774,65,-56
2013-06-12 06:20:32,Geronimoo,LESPEUTERE,6454,6721,1.0,6512,6671,58,-50
2013-06-12 06:27:26,Beyond Awesome,theParty,5669,6051,1.0,5681,6013,12,-38
2013-06-12 06:29:18,PitrPicko,SheCantSayNo,6384,6849,1.0,6438,6811,54,-38
2013-06-12 06:30:33,Geronimoo,LESPEUTERE,6512,6671,1.0,6567,6623,55,-48
2013-06-12 06:38:16,Geronimoo,LESPEUTERE,6567,6623,0.0,6524,6674,-43,51
2013-06-12 06:46:03,Geronimoo,LESPEUTERE,6524,6674,0.5,6536,6677,12,3
2013-06-12 06:59:13,LESPEUTERE,manzi,6719,6085,1.0,6759,6042,40,-43
2013-06-12 07:07:20,HF,sachihira,5682,5835,1.0,5750,5793,68,-42
2013-06-12 07:11:12,LESPEUTERE,manzi,6759,6042,0.0,6706,6125,-53,83
2013-06-12 07:25:02,Darter,Indur,5979,5711,0.0,5938,5794,-41,83
2013-06-12 07:26:37,Dumbassador,Kirian,6008,5725,1.0,6073,5687,65,-38
2013-06-12 07:35:02,Dumbassador,Kirian,6073,5687,0.0,6003,5750,-70,63
2013-06-12 07:42:11,Dumbassador,manzi,6003,6228,1.0,6080,6174,77,-54
2013-06-12 07:48:49,Dumbassador,manzi,6080,6174,0.0,6026,6234,-54,60
2013-06-12 07:52:46,Geronimoo,yed,6536,5800,0.0,6479,5846,-57,46
2013-06-12 07:53:52,PitrPicko,SheCantSayNo,6502,6771,1.0,6550,6736,48,-35
2013-06-12 08:21:01,PitrPicko,SheCantSayNo,6513,6736,1.0,6560,6701,47,-35
2013-06-12 08:26:02,PitrPicko,SheCantSayNo,6560,6701,0.0,6487,6767,-73,66
2013-06-12 08:29:26,Perry Green,Troninho,5779,6461,0.0,5738,6491,-41,30
2013-06-12 08:33:19,PitrPicko,SheCantSayNo,6487,6767,1.0,6534,6732,47,-35
2013-06-12 08:38:08,PitrPicko,SheCantSayNo,6534,6732,1.0,6578,6697,44,-35
2013-06-12 08:40:02,RTT,yac,6245,5820,0.0,6213,5935,-32,115
2013-06-12 08:51:01,Stef,yac,7208,5935,1.0,7235,5885,27,-50
2013-06-12 08:52:10,PitrPicko,SheCantSayNo,6578,6697,1.0,6621,6664,43,-33
2013-06-12 08:57:07,LESPEUTERE,Troninho,6681,6460,1.0,6724,6430,43,-30
2013-06-12 08:58:49,PitrPicko,SheCantSayNo,6621,6664,0.0,6584,6698,-37,34
2013-06-12 09:04:45,LESPEUTERE,Troninho,6724,6430,1.0,6764,6400,40,-30
2013-06-12 09:06:50,PitrPicko,SheCantSayNo,6584,6698,0.0,6548,6731,-36,33
2013-06-12 09:13:59,PitrPicko,SheCantSayNo,6548,6731,1.0,6591,6698,43,-33
2013-06-12 09:32:15,gagnerouperdretelleestlaquestion?,Troninho,5706,6426,1.0,5751,6386,45,-40
2013-06-12 09:58:10,LESPEUTERE,SheCantSayNo,6808,6668,1.0,6850,6639,42,-29
2013-06-12 10:00:41,lightbulb,theParty,6150,6008,1.0,6181,5975,31,-33
2013-06-12 10:06:17,jhovall_goko,kilgoretrout103,5918,5934,1.0,5989,5897,71,-37
2013-06-12 10:24:05,BadAMutha,lightbulb,5878,6138,1.0,5955,6108,77,-30
2013-06-12 10:47:18,lightbulb,nate_w,6072,5711,0.0,6039,5707,-33,-4
2013-06-12 11:00:09,Gorling,SheCantSayNo,5886,6561,0.0,5783,6592,-103,31
2013-06-12 11:00:17,lightbulb,yed,6039,5820,1.0,6068,5791,29,-29
2013-06-12 11:08:41,Gorling,SheCantSayNo,5783,6592,1.0,5951,6558,168,-34
2013-06-12 11:55:27,BadAMutha,yed,5955,5749,0.0,5886,5788,-69,39
2013-06-12 11:56:21,Gorling,SheCantSayNo,6236,6497,1.0,6359,6469,123,-28
2013-06-12 12:01:34,Gorling,SheCantSayNo,6359,6469,0.0,6256,6506,-103,37
2013-06-12 12:15:15,Gorling,RTT,6256,6259,1.0,6360,6232,104,-27
2013-06-12 12:37:02,RTT,SheCantSayNo,6240,6488,1.0,6278,6454,38,-34
2013-06-12 13:17:35,Andrew Iannaccone,SheCantSayNo,6979,6487,1.0,7009,6462,30,-25
2013-06-12 13:19:19,PitrPicko,yed,6591,5788,1.0,6619,5766,28,-22
2013-06-12 13:27:41,nate_w,Stealth Tomato,5749,6472,1.0,5817,6426,68,-46
2013-06-12 13:32:14,PitrPicko,yed,6619,5766,0.0,6569,5811,-50,45
2013-06-12 13:38:03,Andrew Iannaccone,SheCantSayNo,7009,6462,1.0,7038,6438,29,-24
2013-06-12 14:06:10,LESPEUTERE,Troninho,6887,6375,0.0,6838,6417,-49,42
2013-06-12 14:16:24,theParty,Troninho,6036,6417,0.0,6007,6446,-29,29
2013-06-12 14:30:31,LESPEUTERE,Troninho,6853,6446,0.0,6806,6486,-47,40
2013-06-12 14:48:23,Aron35,Stef,5722,7178,1.0,5746,7118,24,-60
2013-06-12 14:55:34,Andrew Iannaccone,SheCantSayNo,6968,6509,0.0,6928,6547,-40,38
2013-06-12 15:49:24,LESPEUTERE,yed,6759,5844,1.0,6787,5823,28,-21
2013-06-12 15:50:07,RTT,Stef,6346,7116,1.0,6391,7068,45,-48
2013-06-12 16:03:04,SheCantSayNo,yac,6547,5767,0.0,6511,5871,-36,104
2013-06-12 16:09:33,SheCantSayNo,yac,6511,5871,1.0,6538,5815,27,-56
2013-06-12 17:11:35,lightbulb,SheCantSayNo,6143,6423,0.0,6116,6450,-27,27
2013-06-12 17:16:19,SheCantSayNo,yac,6450,5831,0.0,6417,5921,-33,90
2013-06-12 17:29:29,lightbulb,SheCantSayNo,6135,6442,0.0,6108,6469,-27,27
2013-06-12 17:36:53,lightbulb,SheCantSayNo,6108,6469,0.0,6081,6495,-27,26
2013-06-12 17:37:57,Jeebus,kilgoretrout103,6415,5860,0.0,6350,5910,-65,50
2013-06-12 17:47:01,lightbulb,SheCantSayNo,6081,6495,1.0,6118,6460,37,-35
2013-06-12 19:46:38,Mic Qsenoch,Obi Wan Bonogi,6591,5764,1.0,6634,5718,43,-46
2013-06-12 20:04:55,jaybeez,Mic Qsenoch,5876,6675,1.0,5955,6613,79,-62
2013-06-12 20:11:48,jaybeez,Mic Qsenoch,5955,6613,0.0,5918,6656,-37,43
2013-06-12 20:34:20,jaybeez,Mic Qsenoch,5918,6656,0.0,5883,6697,-35,41
2013-06-12 20:43:32,BadAMutha,Jeebus,5697,6142,1.0,5773,6088,76,-54
2013-06-12 21:01:33,Slyfox,Titandrake,5733,5932,1.0,5782,5886,49,-46
2013-06-12 21:08:04,jaybeez,SM.SM,5885,6028,0.0,5839,6065,-46,37
2013-06-12 23:13:08,Dumbassador,eliegel,6110,6498,0.0,6062,6542,-48,44
2013-06-12 23:18:34,Dumbassador,eliegel,6062,6542,1.0,6138,6494,76,-48
2013-06-12 23:33:07,Dumbassador,eliegel,6092,6537,0.0,6048,6578,-44,41
2013-06-12 23:44:08,Dumbassador,Perry Green,6048,5830,0.0,5993,5895,-55,65
2013-06-13 00:31:25,Andrew Iannaccone,SheCantSayNo,6928,6460,0.0,6888,6498,-40,38
2013-06-13 00:38:01,LESPEUTERE,Perry Green,6985,5749,0.0,6930,5832,-55,83
2013-06-13 00:48:39,Andrew Iannaccone,SheCantSayNo,6888,6498,1.0,6917,6472,29,-26
2013-06-13 01:15:01,jhovall_goko,sangatsu,5989,5796,1.0,6053,5763,64,-33
2013-06-13 01:39:14,jhovall_goko,lightbulb,6116,6118,1.0,6180,6091,64,-27
2013-06-13 02:03:40,ChiChi,jhovall_goko,5830,6180,1.0,5887,6115,57,-65
2013-06-13 02:46:21,hiroki,LosChikitos,5705,5832,1.0,5703,5795,-2,-37
2013-06-13 02:50:29,jhovall_goko,LESPEUTERE,6006,6821,0.0,5967,6851,-39,30
2013-06-13 03:10:02,jhovall_goko,LESPEUTERE,5942,6831,0.0,5903,6862,-39,31
2013-06-13 03:16:41,majormajor,Zakharov,6035,6009,0.0,5999,6080,-36,71
2013-06-13 03:26:56,Dumbassador,Zakharov,5902,6080,0.0,5855,6147,-47,67
2013-06-13 03:54:25,jhovall_goko,RTT,5953,6428,0.0,5907,6459,-46,31
2013-06-13 04:06:56,hiroki,SheCantSayNo,5683,6467,1.0,5739,6426,56,-41
2013-06-13 04:44:23,LESPEUTERE,SheCantSayNo,6843,6467,1.0,6877,6441,34,-26
2013-06-13 04:58:09,hiroki,Lekkit,5771,6416,1.0,5824,6369,53,-47
2013-06-13 05:42:12,LESPEUTERE,SheCantSayNo,6890,6441,1.0,6922,6416,32,-25
2013-06-13 05:52:25,LESPEUTERE,SheCantSayNo,6922,6416,1.0,6954,6391,32,-25
2013-06-13 06:05:08,LESPEUTERE,SheCantSayNo,6984,6367,0.0,6939,6408,-45,41
2013-06-13 06:10:21,LESPEUTERE,SheCantSayNo,6939,6408,1.0,6969,6384,30,-24
2013-06-13 06:16:53,LESPEUTERE,SheCantSayNo,6969,6384,1.0,6999,6360,30,-24
2013-06-13 06:51:04,LESPEUTERE,SheCantSayNo,6943,6415,0.0,6901,6454,-42,39
2013-06-13 07:09:01,LESPEUTERE,SheCantSayNo,6901,6454,1.0,6931,6429,30,-25
2013-06-13 07:16:41,HF,Troninho,5794,6462,0.0,5748,6491,-46,29
2013-06-13 08:39:06,LESPEUTERE,Troninho,6952,6455,0.0,6910,6497,-42,42
2013-06-13 09:30:35,Darter,secret tunnel,5895,5776,0.0,5853,5825,-42,49
2013-06-13 10:35:21,Darter,SheCantSayNo,5780,6429,1.0,5834,6392,54,-37
2013-06-13 11:02:38,Darter,Troninho,5803,6424,1.0,5856,6385,53,-39
2013-06-13 11:46:14,theParty,yed,6120,5908,1.0,6153,5878,33,-30
2013-06-13 11:50:15,Obi Wan Bonogi,Tom Collett,5775,5784,1.0,5838,5740,63,-44
2013-06-13 12:02:30,Obi Wan Bonogi,Tom Collett,5838,5740,0.0,5784,5796,-54,56
2013-06-13 13:25:56,Psyduck,Robz888,5694,6491,1.0,5822,6432,128,-59
2013-06-13 13:39:13,SheCantSayNo,yed,6512,5825,0.0,6474,5868,-38,43
2013-06-13 13:46:06,SheCantSayNo,yed,6474,5868,1.0,6498,5843,24,-25
2013-06-13 14:05:45,SheCantSayNo,yed,6498,5843,0.0,6460,5885,-38,42
2013-06-13 14:06:43,Mic Qsenoch,YeahBoooey,6744,5962,1.0,6784,5928,40,-34
2013-06-13 14:23:52,Eevee,Mic Qsenoch,6464,6784,1.0,6572,6738,108,-46
2013-06-13 14:41:59,nidzela,Rabid,5954,6616,1.0,6004,6563,50,-53
2013-06-13 15:31:03,SheCantSayNo,yudai214,6349,5712,0.0,6315,5788,-34,76
2013-06-13 15:41:56,Andrew Iannaccone,SheCantSayNo,6887,6315,1.0,6916,6292,29,-23
2013-06-13 16:06:32,Andrew Iannaccone,SheCantSayNo,6972,6247,1.0,6999,6226,27,-21
2013-06-13 16:14:22,RTT,yudai214,6404,5937,1.0,6434,5893,30,-44
2013-06-13 16:30:15,Eevee,yudai214,6490,5893,0.0,6396,5970,-94,77
2013-06-13 16:32:29,Andrew Iannaccone,SheCantSayNo,7025,6204,0.0,6978,6246,-47,42
2013-06-13 16:35:43,Andrew Iannaccone,SheCantSayNo,6978,6246,0.0,6933,6286,-45,40
2013-06-13 17:03:13,Andrew Iannaccone,SheCantSayNo,6960,6264,1.0,6986,6242,26,-22
2013-06-13 17:19:17,Eevee,yudai214,6523,5934,0.0,6435,6008,-88,74
2013-06-13 17:37:16,Pinot,Tom Collett,5739,5779,1.0,5786,5735,47,-44
2013-06-13 17:43:00,Eevee,yudai214,6435,6008,0.0,6355,6077,-80,69
2013-06-13 17:47:50,Mic Qsenoch,Polk5440,6846,5881,0.0,6787,5960,-59,79
2013-06-13 20:08:26,Mic Qsenoch,SM.SM,6679,6129,0.0,6629,6177,-50,48
2013-06-13 20:17:34,Perry Green,SM.SM,5897,6177,0.0,5852,6212,-45,35
2013-06-13 20:24:24,hiroki,Stealth Tomato,6036,6575,1.0,6085,6530,49,-45
2013-06-13 20:27:41,Mic Qsenoch,SM.SM,6539,6212,1.0,6577,6182,38,-30
2013-06-13 20:37:07,Mic Qsenoch,SM.SM,6577,6182,1.0,6614,6154,37,-28
2013-06-13 21:10:06,Stealth Tomato,yudai214,6543,6125,1.0,6579,6084,36,-41
2013-06-13 21:25:23,Stealth Tomato,yudai214,6579,6084,1.0,6612,6046,33,-38
2013-06-13 21:39:14,Stealth Tomato,yudai214,6612,6046,1.0,6645,6009,33,-37
2013-06-13 22:00:00,Stealth Tomato,yudai214,6601,6074,1.0,6634,6037,33,-37
2013-06-13 22:12:10,Stealth Tomato,yudai214,6634,6037,1.0,6665,6002,31,-35
2013-06-13 22:22:40,Stealth Tomato,yudai214,6665,6002,1.0,6696,5968,31,-34
2013-06-13 22:42:20,SheCantSayNo,Slyfox,6242,5834,1.0,6268,5801,26,-33
2013-06-13 22:52:49,Stealth Tomato,yudai214,6696,5968,1.0,6725,5936,29,-32
2013-06-13 22:59:05,hiroki,jaybeez,6045,5864,0.0,6008,5917,-37,53
2013-06-13 23:01:09,Robz888,SM.SM,6477,6084,0.0,6422,6128,-55,44
2013-06-13 23:08:01,Robz888,SheCantSayNo,6422,6268,0.5,6421,6276,-1,8
2013-06-13 23:21:29,hiroki,jaybeez,5995,5820,0.0,5959,5871,-36,51
2013-06-13 23:32:31,jaybeez,yudai214,5871,5895,0.0,5830,5944,-41,49
2013-06-13 23:36:02,SM.SM,Twistedarcher,6163,6027,0.0,6130,6089,-33,62
2013-06-14 01:15:59,kilgoretrout103,yudai214,5912,5944,1.0,5953,5900,41,-44
2013-06-14 02:36:04,Darter,Stealth Tomato,5811,6759,1.0,5870,6711,59,-48
2013-06-14 03:32:58,Darter,Perna,5849,5999,1.0,5896,5961,47,-38
2013-06-14 03:42:55,hiroki,RTT,6010,6460,1.0,6057,6420,47,-40
2013-06-14 03:51:11,Darter,Zakharov,5896,6117,1.0,5947,6060,51,-57
2013-06-14 03:52:21,Andrew Iannaccone,SheCantSayNo,6967,6258,0.0,6920,6300,-47,42
2013-06-14 03:53:19,hiroki,RTT,6103,6381,0.0,6070,6414,-33,33
2013-06-14 04:11:42,Rhun,yac,5836,5881,0.0,5789,5954,-47,73
2013-06-14 04:21:52,yac,Zakharov,5954,6060,0.0,5897,6120,-57,60
2013-06-14 04:22:19,Andrew Iannaccone,SheCantSayNo,6978,6254,1.0,7005,6231,27,-23
2013-06-14 04:31:58,Andrew Iannaccone,SheCantSayNo,7005,6231,0.0,6958,6274,-47,43
2013-06-14 05:15:22,Andrew Iannaccone,SheCantSayNo,6970,6269,0.0,6925,6311,-45,42
2013-06-14 06:10:16,calimero,Warfreak2,5724,5797,0.0,5689,5836,-35,39
2013-06-14 06:11:31,Mic Qsenoch,SheCantSayNo,6558,6379,1.0,6598,6352,40,-27
2013-06-14 06:21:29,Lekkit,theParty,6359,6139,1.0,6398,6107,39,-32
2013-06-14 06:22:05,Mic Qsenoch,SheCantSayNo,6598,6352,1.0,6636,6325,38,-27
2013-06-14 06:26:16,Mic Qsenoch,SheCantSayNo,6636,6325,1.0,6673,6299,37,-26
2013-06-14 06:33:07,Rene Kuroi,theParty,6171,6107,1.0,6250,6077,79,-30
2013-06-14 07:15:22,Aron35,Lekkit,5913,6353,1.0,5973,6311,60,-42
2013-06-14 07:38:06,Eevee,yudai214,6155,6026,0.0,6083,6079,-72,53
2013-06-14 08:19:11,Drexl,Troninho,5809,6601,0.0,5783,6626,-26,25
2013-06-14 08:23:27,Drexl,Troninho,5783,6626,0.0,5758,6651,-25,25
2013-06-14 08:32:41,Alucard2004,Stef,5818,7027,0.0,5778,7056,-40,29
2013-06-14 08:37:36,Drexl,Troninho,5758,6651,0.0,5734,6675,-24,24
2013-06-14 09:35:26,dudeabides,jhovall_goko,6110,5827,1.0,6153,5777,43,-50
2013-06-14 09:54:15,manzi,theParty,6364,6102,0.0,6306,6146,-58,44
2013-06-14 10:00:31,Davio,nnn,6360,5730,0.0,6203,5810,-157,80
2013-06-14 10:51:36,Alucard2004,Wandering Winder,5852,7073,0.0,5819,7111,-33,38
2013-06-14 11:04:41,Troninho,yed,6640,5942,0.0,6598,5986,-42,44
2013-06-14 12:04:04,Alucard2004,attrill,5802,6168,1.0,5879,6106,77,-62
2013-06-14 12:15:11,Alucard2004,Wandering Winder,5879,7301,0.0,5852,7333,-27,32
2013-06-14 12:22:49,Alucard2004,Wandering Winder,5852,7333,1.0,5955,7255,103,-78
2013-06-14 12:31:54,Obi Wan Bonogi,Troninho,5849,6625,0.0,5808,6652,-41,27
2013-06-14 12:44:03,Obi Wan Bonogi,Troninho,5808,6652,0.0,5770,6677,-38,25
2013-06-14 12:45:19,Alucard2004,Wandering Winder,5927,7287,0.0,5899,7319,-28,32
2013-06-14 12:58:05,Alucard2004,Wandering Winder,5899,7319,1.0,5997,7244,98,-75
2013-06-14 13:05:20,Alucard2004,Wandering Winder,5997,7244,0.0,5968,7276,-29,32
2013-06-14 13:13:37,Wandering Winder,yed,7276,5930,1.0,7304,5913,28,-17
2013-06-14 13:19:42,Geronimoo,Qvist,6589,5715,0.0,6552,6025,-37,310
2013-06-14 13:25:07,Wandering Winder,yed,7304,5913,0.0,7228,5969,-76,56
2013-06-14 14:24:13,Robz888,Wandering Winder,6347,7252,1.0,6419,7193,72,-59
2013-06-14 14:39:39,Mic Qsenoch,SheCantSayNo,6684,6285,0.0,6639,6322,-45,37
2013-06-14 14:52:58,Mic Qsenoch,SheCantSayNo,6639,6322,0.0,6596,6358,-43,36
2013-06-14 14:55:06,Geronimoo,Tom Collett,6541,5869,1.0,6574,5837,33,-32
2013-06-14 15:19:06,First,Wandering Winder,6133,7049,0.0,6071,7085,-62,36
2013-06-14 15:20:16,Mic Qsenoch,nidzela,6617,5951,1.0,6648,5924,31,-27
2013-06-14 15:32:22,Andrew Lazarev,Qvist,5704,5913,1.0,5729,5725,25,-188
2013-06-14 15:38:33,BadAMutha,qmech,5692,5855,1.0,5758,5784,66,-71
2013-06-14 15:48:35,Andrew Lazarev,Cruxis,5729,5930,0.5,5739,5928,10,-2
2013-06-14 15:58:59,Andrew Bell,Troninho,5673,6677,1.0,5704,6633,31,-44
2013-06-14 16:19:24,Andrew Bell,Troninho,5704,6633,1.0,5774,6590,70,-43
2013-06-14 16:24:06,Andrew Lazarev,Mic Qsenoch,5725,6648,1.0,5729,6596,4,-52
2013-06-14 16:29:34,SheCantSayNo,Tom Collett,6385,5880,0.0,6351,5936,-34,56
2013-06-14 16:40:22,secret tunnel,SheCantSayNo,5810,6351,0.0,5777,6376,-33,25
2013-06-14 16:40:32,Tom Collett,Zakharov,5936,5990,1.0,5985,5947,49,-43
2013-06-14 16:56:36,Cruxis,Stef,5926,7081,1.0,5998,7022,72,-59
2013-06-14 17:06:01,manzi,Mic Qsenoch,6407,6567,0.0,6361,6605,-46,38
2013-06-14 17:46:15,manzi,Mic Qsenoch,6375,6606,0.0,6332,6642,-43,36
2013-06-14 17:55:25,manzi,scott pilgrim,6332,6138,1.0,6382,6094,50,-44
2013-06-14 18:08:55,Mic Qsenoch,sangatsu,6669,5771,0.0,6622,5831,-47,60
2013-06-14 18:23:03,manzi,scott pilgrim,6429,6051,0.0,6379,6115,-50,64
2013-06-14 18:46:06,Mic Qsenoch,SM.SM,6683,6172,0.0,6641,6218,-42,46
2013-06-14 19:37:04,Mic Qsenoch,Zakharov,6643,6061,1.0,6673,6028,30,-33
2013-06-14 20:10:13,Bryan,Mic Qsenoch,6249,6673,0.0,6100,6712,-149,39
2013-06-14 20:21:42,Bryan,Mic Qsenoch,6100,6712,1.0,6294,6680,194,-32
2013-06-14 20:45:06,Mic Qsenoch,SM.SM,6680,6242,1.0,6710,6213,30,-29
2013-06-14 20:54:06,SM.SM,stewardsteward,6213,5988,1.0,6249,5947,36,-41
2013-06-14 21:08:02,Mic Qsenoch,SM.SM,6710,6249,1.0,6740,6220,30,-29
2013-06-14 21:13:25,Qvist,stewardsteward,5740,5947,1.0,5818,5903,78,-44
2013-06-14 22:09:32,stewardsteward,Zakharov,5951,6132,0.0,5911,6172,-40,40
2013-06-14 22:22:32,Slyfox,SM.SM,5741,6220,1.0,5788,6179,47,-41
2013-06-14 22:26:14,Slyfox,stewardsteward,5788,5852,1.0,5830,5809,42,-43
2013-06-14 22:29:36,ChiChi,sangatsu,5807,5887,0.0,5763,5930,-44,43
2013-06-14 22:47:10,Slyfox,SM.SM,5799,6211,0.5,5812,6207,13,-4
2013-06-14 23:17:10,Titandrake,Zakharov,5946,6123,1.0,6001,6086,55,-37
2013-06-14 23:23:18,houroku,Qvist,5890,5936,1.0,5936,5874,46,-62
2013-06-14 23:42:09,scott pilgrim,Zakharov,6052,6119,1.0,6105,6084,53,-35
2013-06-14 23:42:28,Qvist,Stealth Tomato,5874,6735,1.0,5964,6689,90,-46
2013-06-14 23:50:49,Andrew Lazarev,houroku,5799,5958,1.0,5836,5916,37,-42
2013-06-15 00:32:30,Andrew Lazarev,Johannes Dorn,5822,5760,1.0,5856,5720,34,-40
2013-06-15 01:47:18,Emeric,Stef,5748,6998,0.0,5729,7022,-19,24
2013-06-15 02:09:35,Stef,yudai214,7022,6079,1.0,7052,6052,30,-27
2013-06-15 02:53:24,Stef,yudai214,7080,6025,0.0,7025,6092,-55,67
2013-06-15 03:03:24,qmech,Stef,5850,7004,1.0,5963,6948,113,-56
2013-06-15 03:06:21,Gorling,nnn,6378,5887,0.0,6261,5957,-117,70
2013-06-15 03:15:36,Gorling,nnn,6261,5957,0.0,6156,6022,-105,65
2013-06-15 03:21:26,qmech,Stef,5963,6948,0.0,5920,6981,-43,33
2013-06-15 03:25:30,Gorling,nnn,6156,6022,0.0,6062,6083,-94,61
2013-06-15 04:42:34,Perna,Tom Collett,5917,5977,1.0,5958,5932,41,-45
2013-06-15 06:37:20,Aron35,lightbulb,6001,6010,1.0,6052,5977,51,-33
2013-06-15 07:02:50,Cruxis,lightbulb,6023,5936,0.0,5979,5976,-44,40
2013-06-15 07:43:00,kilgoretrout103,Mic Qsenoch,6129,6721,0.0,6099,6751,-30,30
2013-06-15 07:54:22,kilgoretrout103,Mic Qsenoch,6099,6751,0.0,6070,6781,-29,30
2013-06-15 08:28:55,Tom Collett,TrickStaR,5932,6170,0.0,5898,6249,-34,79
2013-06-15 09:18:21,Andrew Iannaccone,kn1tt3r,6883,5970,1.0,6911,5938,28,-32
2013-06-15 09:25:06,Andrew Iannaccone,kn1tt3r,6911,5938,0.0,6862,6011,-49,73
2013-06-15 09:40:00,Geronimoo,SheCantSayNo,6546,6322,1.0,6585,6294,39,-28
2013-06-15 09:49:58,Geronimoo,SheCantSayNo,6585,6294,0.0,6541,6332,-44,38
2013-06-15 09:54:00,Geronimoo,SheCantSayNo,6541,6332,1.0,6580,6303,39,-29
2013-06-15 09:57:12,Perry Green,Wandering Winder,5895,6934,1.0,5983,6879,88,-55
2013-06-15 10:08:03,Beyond Awesome,Wandering Winder,5793,6879,0.0,5755,6909,-38,30
2013-06-15 10:21:20,Fabian,Stef,6410,7056,0.0,6375,7090,-35,34
2013-06-15 10:40:30,MarkowKette,Qvist,5691,6022,1.0,5765,5956,74,-66
2013-06-15 10:45:06,Davio,lightbulb,6228,6049,0.0,6110,6092,-118,43
2013-06-15 10:54:05,Emeric,yac,5686,5851,1.0,5727,5806,41,-45
2013-06-15 11:21:14,kilgoretrout103,Mic Qsenoch,6115,6781,1.0,6166,6736,51,-45
2013-06-15 11:24:20,Jeebus,yac,6198,5806,0.0,6136,5861,-62,55
2013-06-15 11:24:23,Stef,Wandering Winder,7090,6937,0.0,7049,6984,-41,47
2013-06-15 12:03:19,Stealth Tomato,yac,6637,5861,0.0,6588,5922,-49,61
2013-06-15 12:13:55,Rabid,Twistedarcher,6400,6193,0.0,6354,6253,-46,60
2013-06-15 12:34:00,attrill,Mic Qsenoch,6321,6729,0.0,6276,6763,-45,34
2013-06-15 12:45:24,Drew Spencer,scott pilgrim,5686,6029,1.0,5745,5979,59,-50
2013-06-15 12:58:36,Davio,Emeric,6265,5717,0.0,6144,5766,-121,49
2013-06-15 13:13:06,Davio,wicket,6204,5941,0.0,6110,6021,-94,80
2013-06-15 13:41:02,Mic Qsenoch,nidzela,6732,5745,1.0,6756,5722,24,-23
2013-06-15 13:50:22,Mic Qsenoch,nidzela,6756,5722,0.0,6708,5776,-48,54
2013-06-15 14:07:38,Mic Qsenoch,nidzela,6708,5776,1.0,6732,5753,24,-23
2013-06-15 15:05:17,Troninho,yudai214,6644,6151,1.0,6675,6116,31,-35
2013-06-15 15:12:15,artibunkulus,nidzela,5932,5800,1.0,5724,5775,-208,-25
2013-06-15 15:17:02,Mic Qsenoch,Troninho,6743,6675,1.0,6778,6642,35,-33
2013-06-15 15:20:30,nidzela,yudai214,5775,6116,0.0,5746,6156,-29,40
2013-06-15 15:31:25,Qvist,yudai214,6055,6156,0.0,6006,6203,-49,47
2013-06-15 15:38:50,Mic Qsenoch,Qvist,6799,6006,1.0,6826,5969,27,-37
2013-06-15 15:38:59,Fabian,Troninho,6389,6642,0.0,6349,6675,-40,33
2013-06-15 15:58:04,Qvist,yudai214,5933,6152,1.0,5995,6110,62,-42
2013-06-15 16:16:09,attrill,yudai214,6388,6110,0.0,6338,6161,-50,51
2013-06-15 16:23:15,RTT,yudai214,6528,6161,0.0,6490,6211,-38,50
2013-06-15 16:32:13,RTT,yudai214,6490,6211,1.0,6523,6176,33,-35
2013-06-15 16:49:01,nidzela,yudai214,5744,6176,1.0,5787,6129,43,-47
2013-06-15 17:12:03,Andrew Lazarev,Watno,5838,5995,0.0,5810,6059,-28,64
2013-06-15 17:18:21,Fabian,SheCantSayNo,6385,6327,1.0,6430,6297,45,-30
2013-06-15 17:22:03,Andrew Lazarev,Watno,5810,6059,1.0,5852,5991,42,-68
2013-06-15 17:28:05,nidzela,yudai214,5792,6166,0.0,5764,6203,-28,37
2013-06-15 17:29:20,Fabian,SheCantSayNo,6430,6297,0.0,6386,6333,-44,36
2013-06-15 17:31:36,Mic Qsenoch,Stealth Tomato,6869,6588,0.0,6834,6633,-35,45
2013-06-15 17:45:06,Fabian,SheCantSayNo,6343,6367,1.0,6388,6337,45,-30
2013-06-15 17:49:13,Mic Qsenoch,Stealth Tomato,6834,6633,1.0,6866,6599,32,-34
2013-06-15 17:53:07,nidzela,yudai214,5737,6238,1.0,5780,6192,43,-46
2013-06-15 18:03:13,Andrew Iannaccone,Mic Qsenoch,6846,6866,1.0,6884,6834,38,-32
2013-06-15 18:05:00,Watno,yac,5961,6033,1.0,6025,5963,64,-70
2013-06-15 18:05:00,kilgoretrout103,yac,6121,6033,1.0,6158,5963,37,-70
2013-06-15 18:12:34,Watno,yac,6025,5963,1.0,6086,5930,61,-33
2013-06-15 18:16:43,kilgoretrout103,Mic Qsenoch,6158,6834,0.0,6132,6860,-26,26
2013-06-15 18:20:17,nidzela,yudai214,5753,6227,0.0,5726,6260,-27,33
2013-06-15 18:28:29,Mic Qsenoch,Stealth Tomato,6860,6639,0.5,6859,6648,-1,9
2013-06-15 18:52:13,kilgoretrout103,yac,6214,5989,1.0,6248,5956,34,-33
2013-06-15 19:08:27,Mic Qsenoch,Watno,6948,6200,1.0,6974,6162,26,-38
2013-06-15 19:17:12,nidzela,yudai214,5787,6201,0.0,5760,6235,-27,34
2013-06-15 19:19:37,Mic Qsenoch,Watno,6974,6162,1.0,6999,6125,25,-37
2013-06-15 19:40:56,lightbulb,Stealth Tomato,6113,6608,0.0,6087,6639,-26,31
2013-06-15 19:55:26,lightbulb,Slyfox,6087,5843,1.0,6118,5810,31,-33
2013-06-15 20:16:53,kilgoretrout103,Mic Qsenoch,6100,6983,1.0,6150,6940,50,-43
2013-06-15 21:05:34,nidzela,yudai214,5750,6243,0.0,5724,6274,-26,31
2013-06-15 21:22:03,sangatsu,yac,6003,5994,0.0,5963,6033,-40,39
2013-06-15 21:25:49,Slyfox,yudai214,5832,6230,0.0,5802,6263,-30,33
2013-06-15 21:50:04,pirakyu,sangatsu,6257,5963,1.0,6385,5937,128,-26
2013-06-15 22:13:00,Slyfox,yac,5804,6003,0.0,5773,6037,-31,34
2013-06-15 22:20:26,First,Slyfox,5990,5773,1.0,6068,5745,78,-28
2013-06-15 22:29:31,Andrew Iannaccone,Twistedarcher,6861,6382,1.0,6893,6345,32,-37
2013-06-15 22:45:11,jaybeez,yudai214,5832,6263,0.0,5793,6296,-39,33
2013-06-15 22:55:12,Andrew Iannaccone,Twistedarcher,6893,6345,1.0,6924,6308,31,-37
2013-06-15 23:12:13,jaybeez,yudai214,5813,6329,0.0,5776,6360,-37,31
2013-06-15 23:19:43,Andrew Iannaccone,Bryan,6924,6469,1.0,6962,6343,38,-126
2013-06-15 23:23:06,Lucidity,Slyfox,5654,5786,1.0,5744,5754,90,-32
2013-06-15 23:25:47,sangatsu,yudai214,5857,6360,0.0,5826,6391,-31,31
2013-06-16 00:17:11,Beyond Awesome,SM.SM,5807,6150,1.0,5879,6114,72,-36
2013-06-16 00:29:23,Beyond Awesome,Emeric,5879,5866,0.0,5821,5903,-58,37
2013-06-16 00:51:24,Andrew Iannaccone,yudai214,6952,6349,0.0,6910,6396,-42,47
2013-06-16 01:40:32,First,Geronimoo,6253,6539,1.0,6341,6501,88,-38
2013-06-16 01:41:24,Perna,yac,5895,6013,1.0,5932,5978,37,-35
2013-06-16 02:07:57,First,lightbulb,6341,6141,1.0,6411,6115,70,-26
2013-06-16 04:05:06,Cruxis,Lotoreo,5902,5763,0.0,5858,5808,-44,45
2013-06-16 04:23:19,Cruxis,Lotoreo,5915,5772,1.0,5959,5738,44,-34
2013-06-16 04:38:53,First,RTT,6484,6434,0.0,6420,6476,-64,42
2013-06-16 04:44:00,Geronimoo,Lotoreo,6461,5792,0.0,6411,5844,-50,52
2013-06-16 04:46:54,Cruxis,RTT,5992,6476,0.0,5959,6508,-33,32
2013-06-16 05:05:03,Geronimoo,Lotoreo,6399,5864,0.0,6353,5913,-46,49
2013-06-16 05:15:31,attrill,Gorling,6271,6321,1.0,6331,6241,60,-80
2013-06-16 05:23:25,Geronimoo,Lotoreo,6387,5883,0.0,6342,5931,-45,48
2013-06-16 05:29:14,Geronimoo,MarkowKette,6342,5850,0.0,6301,5925,-41,75
2013-06-16 05:42:48,dnkywin,Wandering Winder,5717,6951,1.0,5760,6890,43,-61
2013-06-16 06:39:17,Emeric,Watno,5998,6044,1.0,6038,5993,40,-51
2013-06-16 06:52:07,Emeric,Watno,6038,5993,1.0,6076,5945,38,-48
2013-06-16 08:03:40,LESPEUTERE,lightbulb,6974,6105,1.0,7003,6083,29,-22
2013-06-16 08:41:15,dnkywin,Lotoreo,5769,5842,1.0,5831,5809,62,-33
2013-06-16 08:54:18,Rabid,yed,6366,5984,1.0,6405,5954,39,-30
2013-06-16 09:01:08,dudeabides,Lekkit,6125,6269,0.0,6083,6314,-42,45
2013-06-16 09:06:19,Lotoreo,Polk5440,5809,6084,1.0,5853,6023,44,-61
2013-06-16 09:09:09,attrill,yed,6336,5954,0.0,6284,5999,-52,45
2013-06-16 09:13:24,Lotoreo,Polk5440,5853,6023,1.0,5895,5966,42,-57
2013-06-16 09:24:50,Lotoreo,Polk5440,5895,5966,1.0,5935,5912,40,-54
2013-06-16 09:27:31,Indur,Tom Collett,5706,5904,1.0,5674,5861,-32,-43
2013-06-16 10:18:08,Andrew Iannaccone,SheCantSayNo,6841,6264,1.0,6871,6239,30,-25
2013-06-16 10:30:15,Andrew Iannaccone,SheCantSayNo,6871,6239,1.0,6900,6214,29,-25
2013-06-16 10:39:30,Andrew Iannaccone,SheCantSayNo,6900,6214,1.0,6928,6190,28,-24
2013-06-16 10:48:51,Andrew Iannaccone,SheCantSayNo,6928,6190,0.0,6882,6235,-46,45
2013-06-16 11:14:04,Beyond Awesome,Fabian,5898,6358,0.0,5852,6399,-46,41
2013-06-16 11:19:30,Andrew Iannaccone,SheCantSayNo,6910,6211,1.0,6938,6187,28,-24
2013-06-16 11:21:19,Beyond Awesome,dudeabides,5852,6117,0.0,5803,6164,-49,47
2013-06-16 11:32:04,Andrew Iannaccone,SheCantSayNo,6938,6187,0.0,6892,6232,-46,45
2013-06-16 11:33:11,Fabian,lightbulb,6345,6090,1.0,6385,6062,40,-28
2013-06-16 11:40:05,Andrew Iannaccone,SheCantSayNo,6892,6232,0.0,6848,6275,-44,43
2013-06-16 11:52:34,Andrew Iannaccone,SheCantSayNo,6848,6275,1.0,6877,6250,29,-25
2013-06-16 12:36:14,dnkywin,RTT,5831,6422,1.0,5903,6381,72,-41
2013-06-16 12:42:10,dnkywin,RTT,5903,6381,0.0,5860,6414,-43,33
2013-06-16 12:49:16,Twistedarcher,wicket,6284,5995,0.0,6236,6073,-48,78
2013-06-16 13:05:43,First,RTT,6428,6414,0.0,6366,6454,-62,40
2013-06-16 14:10:22,Rabid,yed,6526,6002,0.0,6480,6047,-46,45
2013-06-16 14:22:00,Rabid,SM.SM,6480,6079,0.0,6436,6125,-44,46
2013-06-16 14:55:11,MarkowKette,RTT,5989,6376,1.0,6058,6339,69,-37
2013-06-16 15:27:53,Eevee,Herbet,6072,5719,0.0,5996,5765,-76,46
2013-06-16 16:06:15,dnkywin,SM.SM,6136,6144,0.5,6142,6150,6,6
2013-06-16 17:06:13,Eevee,Polk5440,6056,5847,1.0,6123,5805,67,-42
2013-06-16 17:15:24,Eevee,Polk5440,6123,5805,1.0,6186,5765,63,-40
2013-06-16 17:18:09,dnkywin,SM.SM,6142,6180,0.0,6095,6218,-47,38
2013-06-16 17:24:22,Andrew Iannaccone,SheCantSayNo,6835,6359,1.0,6864,6333,29,-26
2013-06-16 17:48:04,hiroki,lightbulb,6071,6060,0.0,6032,6095,-39,35
2013-06-16 18:16:36,hiroki,SM.SM,5959,6253,1.0,6005,6215,46,-38
2013-06-16 18:17:05,Andrew Iannaccone,SheCantSayNo,6745,6451,1.0,6776,6424,31,-27
2013-06-16 18:22:27,Eevee,Polk5440,6175,5796,1.0,6233,5758,58,-38
2013-06-16 18:26:02,hiroki,SM.SM,6005,6215,1.0,6050,6179,45,-36
2013-06-16 20:33:41,dudeabides,hiroki,6252,6092,1.0,6296,6059,44,-33
2013-06-16 21:23:18,jaybeez,Twistedarcher,6003,6145,1.0,6054,6102,51,-43
2013-06-16 21:43:41,Perna,scott pilgrim,5954,5816,0.0,5919,5868,-35,52
2013-06-16 21:43:56,jaybeez,Twistedarcher,6096,6102,1.0,6144,6061,48,-41
2013-06-16 21:46:55,hiroki,sangatsu,6159,5868,1.0,6195,5833,36,-35
2013-06-16 21:55:54,scott pilgrim,SM.SM,5868,6135,0.0,5828,6168,-40,33
2013-06-16 22:15:04,Beyond Awesome,scott pilgrim,5803,5828,0.0,5749,5878,-54,50
2013-06-16 22:27:04,hiroki,SM.SM,6182,6129,1.0,6220,6097,38,-32
2013-06-16 22:49:04,Beyond Awesome,scott pilgrim,5749,5970,1.0,5718,5926,-31,-44
2013-06-16 22:58:21,Andrew Iannaccone,Emeric,6776,6148,1.0,6803,6122,27,-26
2013-06-16 23:10:02,Andrew Iannaccone,hiroki,6803,6182,0.0,6762,6229,-41,47
2013-06-16 23:59:44,Andrew Iannaccone,hiroki,6818,6174,1.0,6845,6147,27,-27
2013-06-17 00:08:45,RTT,SM.SM,6339,6160,1.0,6373,6129,34,-31
2013-06-17 00:11:40,Lagrangian,Troninho,5754,6690,1.0,5833,6643,79,-47
2013-06-17 00:22:59,RTT,WhiteRabbit1981,6330,5694,0.0,6289,5759,-41,65
2013-06-17 00:29:53,RTT,Troninho,6289,6592,0.0,6259,6625,-30,33
2013-06-17 00:45:03,RTT,Troninho,6231,6657,1.0,6273,6617,42,-40
2013-06-17 00:48:10,hiroki,Perna,6171,5898,1.0,6204,5868,33,-30
2013-06-17 00:59:01,RTT,Troninho,6273,6617,0.0,6244,6649,-29,32
2013-06-17 00:59:25,dscarpac,lightbulb,5784,6121,1.0,5831,6086,47,-35
2013-06-17 00:59:31,Darter,WhiteRabbit1981,5817,5834,0.0,5775,5876,-42,42
2013-06-17 01:06:27,Seth Shy,yudai214,5741,6398,1.0,5802,6355,61,-43
2013-06-17 01:09:41,dscarpac,lightbulb,5831,6086,0.0,5797,6116,-34,30
2013-06-17 01:20:21,Seth Shy,yudai214,5802,6355,0.0,5768,6386,-34,31
2013-06-17 01:45:05,SM.SM,yudai214,6155,6347,1.0,6192,6309,37,-38
2013-06-17 01:54:05,SM.SM,yudai214,6192,6309,1.0,6229,6273,37,-36
2013-06-17 02:06:24,SM.SM,yudai214,6229,6273,0.5,6233,6275,4,2
2013-06-17 02:17:03,WhiteRabbit1981,yudai214,5876,6275,1.0,5923,6236,47,-39
2013-06-17 02:41:09,BingUpBingDown,yudai214,5997,6236,0.0,5927,6273,-70,37
2013-06-17 02:41:56,flyingkuyt,SM.SM,6151,6233,0.0,6109,6267,-42,34
2013-06-17 02:55:57,flyingkuyt,yudai214,6109,6273,0.0,6069,6308,-40,35
2013-06-17 04:14:07,dudeabides,Gorling,6226,6168,0.0,6187,6259,-39,91
2013-06-17 04:32:02,flyingkuyt,LESPEUTERE,5899,6746,0.0,5871,6777,-28,31
2013-06-17 04:53:35,Cruxis,lightbulb,5783,6105,1.0,5834,6069,51,-36
2013-06-17 05:01:30,Cruxis,lightbulb,5834,6069,1.0,5883,6035,49,-34
2013-06-17 05:45:10,Cruxis,kenyou2859,5981,6116,1.0,6032,6036,51,-80
2013-06-17 06:14:15,RTT,WhiteRabbit1981,6008,5900,1.0,6044,5864,36,-36
2013-06-17 06:20:36,Banzai Bill,Masschy,6227,5933,0.0,5960,6022,-267,89
2013-06-17 08:19:10,dnkywin,Stef,6053,7049,0.0,6024,7081,-29,32
2013-06-17 08:44:56,dnkywin,Stef,6024,7081,0.0,5996,7112,-28,31
2013-06-17 08:47:58,Indur,Watno,5728,6047,1.0,5784,5996,56,-51
2013-06-17 09:30:18,Tom Collett,Watno,5846,5948,0.0,5807,5999,-39,51
2013-06-17 09:31:37,Cruxis,yed,6115,5924,1.0,6155,5892,40,-32
2013-06-17 09:36:27,LESPEUTERE,yed,6650,5892,1.0,6680,5867,30,-25
2013-06-17 09:43:48,dudeabides,LESPEUTERE,6384,6680,1.0,6434,6639,50,-41
2013-06-17 09:50:03,Tom Collett,Watno,5770,6093,1.0,5788,6043,18,-50
2013-06-17 09:52:42,David Ketcheson,Herbet,5893,5769,0.0,5824,5814,-69,45
2013-06-17 09:54:57,dudeabides,LESPEUTERE,6434,6639,1.0,6481,6598,47,-41
2013-06-17 10:39:27,dnkywin,Watno,6037,6090,1.0,6090,6048,53,-42
2013-06-17 10:43:37,Emeric,theParty,6103,6127,1.0,6142,6089,39,-38
2013-06-17 10:47:45,dnkywin,Watno,6090,6048,1.0,6140,6007,50,-41
2013-06-17 10:48:08,Jeebus,kn1tt3r,6313,6049,1.0,6366,6010,53,-39
2013-06-17 10:55:13,dnkywin,Watno,6140,6007,1.0,6188,5968,48,-39
2013-06-17 12:06:36,Alexinelias,Perna,5718,5838,1.0,5766,5802,48,-36
2013-06-17 12:32:06,Watno,yed,5861,5842,0.0,5821,5879,-40,37
2013-06-17 12:57:14,Watno,yed,5865,5846,0.5,5868,5850,3,4
2013-06-17 13:19:27,Lekkit,yed,6308,5888,0.0,6263,5929,-45,41
2013-06-17 13:21:18,p4ddy0d00rs,Rabid,5948,6387,1.0,6046,6347,98,-40
2013-06-17 13:38:59,Alucard2004,p4ddy0d00rs,5832,6046,1.0,5899,5969,67,-77
2013-06-17 14:14:01,Emeric,Rabid,6130,6311,0.0,6098,6349,-32,38
2013-06-17 14:47:15,Johannes Dorn,Troninho,5880,6631,1.0,5933,6585,53,-46
2013-06-17 15:00:03,Rabid,Troninho,6313,6585,0.0,6280,6620,-33,35
2013-06-17 15:04:22,dnkywin,Emeric,6108,6123,0.0,6068,6162,-40,39
2013-06-17 15:08:24,Johannes Dorn,p4ddy0d00rs,5933,6037,0.0,5901,6108,-32,71
2013-06-17 15:13:05,nidzela,SheCantSayNo,5749,6341,1.0,5764,6301,15,-40
2013-06-17 15:18:26,SheCantSayNo,theParty,6301,6060,0.0,6266,6103,-35,43
2013-06-17 15:23:26,Rabid,Troninho,6248,6654,1.0,6294,6613,46,-41
2013-06-17 15:38:01,dscarpac,Troninho,5854,6613,0.0,5826,6641,-28,28
2013-06-17 15:44:16,Eevee,Troninho,6251,6641,0.0,6204,6675,-47,34
2013-06-17 15:56:23,Andrew Iannaccone,SheCantSayNo,6825,6353,1.0,6856,6327,31,-26
2013-06-17 15:57:24,Andrew Iannaccone,SheCantSayNo,6856,6327,0.0,6814,6369,-42,42
2013-06-17 16:10:29,Andrew Iannaccone,SheCantSayNo,6814,6369,0.0,6773,6408,-41,39
2013-06-17 16:24:13,shark_bait,theParty,6139,6005,1.0,6207,5975,68,-30
2013-06-17 16:26:27,Andrew Iannaccone,SheCantSayNo,6773,6408,1.0,6804,6381,31,-27
2013-06-17 16:57:13,Andrew Iannaccone,SheCantSayNo,6764,6421,1.0,6796,6393,32,-28
2013-06-17 17:03:13,A Drowned Kernel,theParty,5701,5862,1.0,5767,5827,66,-35
2013-06-17 17:03:26,Andrew Iannaccone,SheCantSayNo,6796,6393,1.0,6826,6367,30,-26
2013-06-17 17:15:37,Andrew Iannaccone,SheCantSayNo,6826,6367,0.0,6786,6406,-40,39
2013-06-17 17:17:19,Jeebus,SM.SM,6335,6333,1.0,6388,6301,53,-32
2013-06-17 17:21:18,Andrew Iannaccone,SheCantSayNo,6786,6406,0.0,6747,6444,-39,38
2013-06-17 17:54:09,dnkywin,Wandering Winder,6082,6907,1.0,6140,6853,58,-54
2013-06-17 19:23:14,Seth Shy,SM.SM,5906,6270,1.0,5958,6234,52,-36
2013-06-17 19:36:02,Seth Shy,SM.SM,5958,6234,0.0,5921,6266,-37,32
2013-06-17 20:21:37,Beyond Awesome,Seth Shy,5852,5965,1.0,5905,5925,53,-40
2013-06-17 20:22:13,BingUpBingDown,SM.SM,5952,6266,0.0,5892,6299,-60,33
2013-06-17 20:29:30,BingUpBingDown,SM.SM,5892,6299,1.0,5975,6265,83,-34
2013-06-17 20:34:28,shark_bait,theParty,6252,5855,0.0,6178,5900,-74,45
2013-06-17 21:30:08,p4ddy0d00rs,Robz888,5897,6135,1.0,5957,6084,60,-51
2013-06-17 21:36:27,p4ddy0d00rs,Robz888,5957,6084,0.0,5914,6137,-43,53
2013-06-17 22:00:04,jaybeez,scott pilgrim,6172,5922,1.0,6216,5885,44,-37
2013-06-17 22:11:16,p4ddy0d00rs,Robz888,5933,6136,1.0,5989,6087,56,-49
2013-06-17 22:23:13,scott pilgrim,SM.SM,5922,6306,0.0,5885,6336,-37,30
2013-06-17 22:27:19,p4ddy0d00rs,Robz888,5989,6087,1.0,6042,6041,53,-46
2013-06-17 22:33:36,Emeric,scott pilgrim,6162,5885,0.0,6124,5937,-38,52
2013-06-17 22:42:14,Emeric,scott pilgrim,6124,5937,1.0,6160,5898,36,-39
2013-06-17 22:54:21,Andrew Iannaccone,scott pilgrim,6809,5898,1.0,6833,5870,24,-28
2013-06-18 01:44:21,eliegel,RTT,6274,6408,1.0,6325,6376,51,-32
2013-06-18 01:49:27,SM.SM,yed,6396,5973,0.0,6360,6013,-36,40
2013-06-18 02:10:48,Darter,SM.SM,5819,6360,1.0,5876,6323,57,-37
2013-06-18 02:39:05,SheCantSayNo,SM.SM,6426,6351,1.0,6457,6321,31,-30
2013-06-18 03:06:36,SM.SM,yed,6273,6031,0.0,6237,6070,-36,39
2013-06-18 03:19:34,SheCantSayNo,SM.SM,6493,6237,1.0,6524,6208,31,-29
2013-06-18 04:36:14,flyingkuyt,RTT,5883,6353,1.0,5932,6314,49,-39
2013-06-18 04:45:23,RTT,yed,6314,6095,0.0,6278,6134,-36,39
2013-06-18 05:04:22,RTT,theParty,6306,5867,0.0,6268,5912,-38,45
2013-06-18 05:26:47,SheCantSayNo,theParty,6548,5867,1.0,6574,5841,26,-26
2013-06-18 05:33:05,shark_bait,yed,6129,6134,1.0,6198,6104,69,-30
2013-06-18 05:45:18,shark_bait,yed,6198,6104,0.0,6133,6144,-65,40
2013-06-18 05:49:10,BingUpBingDown,SheCantSayNo,5919,6574,0.0,5868,6603,-51,29
2013-06-18 07:02:16,flyingkuyt,pirakyu,6038,6106,1.0,6086,5942,48,-164
2013-06-18 07:03:25,Alucard2004,SheCantSayNo,5875,6428,0.0,5831,6457,-44,29
2013-06-18 07:05:07,lightbulb,RTT,6071,6294,1.0,6109,6259,38,-35
2013-06-18 07:11:42,flyingkuyt,SheCantSayNo,6112,6457,1.0,6155,6421,43,-36
2013-06-18 07:14:04,lightbulb,RTT,6109,6259,1.0,6146,6225,37,-34
2013-06-18 07:38:03,Indur,SheCantSayNo,5804,6449,0.0,5753,6477,-51,28
2013-06-18 07:50:09,iriho,SheCantSayNo,6068,6477,1.0,6133,6442,65,-35
2013-06-18 07:54:14,iriho,SheCantSayNo,6133,6442,0.0,6088,6473,-45,31
2013-06-18 08:14:00,SheCantSayNo,Stef,6473,7099,1.0,6516,7043,43,-56
2013-06-18 08:26:50,Stef,yed,7043,6112,0.0,6981,6162,-62,50
2013-06-18 08:29:40,MarkowKette,Sargeras,6071,5994,1.0,6136,5958,65,-36
2013-06-18 08:43:09,Stef,yed,6981,6162,1.0,7015,6140,34,-22
2013-06-18 08:43:12,MarkowKette,Sargeras,6136,5958,0.0,6074,6009,-62,51
2013-06-18 08:57:12,MarkowKette,Sargeras,6074,6009,1.0,6137,5973,63,-36
2013-06-18 09:09:15,Obi Wan Bonogi,Stef,5852,7015,1.0,5764,6951,-88,-64
2013-06-18 09:17:19,lightbulb,sangatsu,6061,5877,1.0,6093,5840,32,-37
2013-06-18 09:23:04,Obi Wan Bonogi,Stef,5859,6891,1.0,5948,6834,89,-57
2013-06-18 09:56:23,Johannes Dorn,Troninho,5853,6683,0.0,5826,6711,-27,28
2013-06-18 09:57:03,attrill,Tom Collett,6275,5731,0.0,6220,5791,-55,60
2013-06-18 10:03:20,dscarpac,Troninho,5870,6711,0.0,5843,6739,-27,28
2013-06-18 10:03:31,attrill,Tom Collett,6220,5791,0.0,6168,5847,-52,56
2013-06-18 10:12:21,Tom Collett,Troninho,5847,6739,0.0,5819,6766,-28,27
2013-06-18 10:20:49,Cruxis,SM.SM,6145,6208,1.0,6190,6175,45,-33
2013-06-18 10:22:05,Tom Collett,Troninho,5819,6766,1.0,5883,6717,64,-49
2013-06-18 10:51:14,MarkowKette,RTT,6137,6252,0.0,6082,6286,-55,34
2013-06-18 11:00:01,Cruxis,SM.SM,6206,6210,0.0,6166,6245,-40,35
2013-06-18 11:31:49,flyingkuyt,jsh357,6095,5791,1.0,6129,5741,34,-50
2013-06-18 11:55:25,Geronimoo,MarkowKette,6375,5939,0.0,6336,6009,-39,70
2013-06-18 12:02:33,Alucard2004,SM.SM,5844,6259,0.0,5806,6289,-38,30
2013-06-18 12:05:07,Geronimoo,MarkowKette,6336,6009,0.0,6299,6075,-37,66
2013-06-18 12:08:32,PitrPicko,yed,6404,6181,1.0,6456,6153,52,-28
2013-06-18 12:12:05,Davio,flyingkuyt,6102,6208,0.0,6030,6246,-72,38
2013-06-18 12:19:37,PitrPicko,yed,6456,6153,0.0,6398,6194,-58,41
2013-06-18 12:23:27,dscarpac,SM.SM,5775,6278,0.0,5745,6306,-30,28
2013-06-18 12:27:40,PitrPicko,yed,6398,6194,0.0,6343,6233,-55,39
2013-06-18 12:47:09,dscarpac,theParty,5745,5796,1.0,5750,5760,5,-36
2013-06-18 12:52:19,Obi Wan Bonogi,Robz888,6012,6014,1.0,6071,5969,59,-45
2013-06-18 12:57:08,Seth Shy,theParty,5869,5760,0.0,5827,5800,-42,40
2013-06-18 13:02:08,Obi Wan Bonogi,Robz888,6071,5969,1.0,6127,5927,56,-42
2013-06-18 13:14:28,Emeric,RTT,6026,6312,0.0,5994,6342,-32,30
2013-06-18 13:14:36,flyingkuyt,TriHeadedQQQ,6366,5916,0.0,6334,6046,-32,130
2013-06-18 13:20:43,PitrPicko,yed,6344,6241,1.0,6395,6212,51,-29
2013-06-18 13:28:26,nidzela,Seth Shy,5766,5784,1.0,5764,5742,-2,-42
2013-06-18 13:31:52,flyingkuyt,TriHeadedQQQ,6334,6046,0.0,6304,6164,-30,118
2013-06-18 14:14:01,PitrPicko,yed,6490,6156,1.0,6534,6130,44,-26
2013-06-18 14:17:16,flyingkuyt,Troninho,6271,6780,0.0,6245,6811,-26,31
2013-06-18 14:27:39,flyingkuyt,p4ddy0d00rs,6245,5987,0.0,6210,6036,-35,49
2013-06-18 14:42:49,PitrPicko,yed,6577,6104,0.0,6522,6145,-55,41
2013-06-18 14:52:00,secret tunnel,SM.SM,5799,6348,0.0,5767,6375,-32,27
2013-06-18 15:16:22,PitrPicko,yed,6470,6185,0.0,6419,6224,-51,39
2013-06-18 15:36:10,SM.SM,Troninho,6337,6668,0.0,6310,6700,-27,32
2013-06-18 15:38:14,Robz888,Wandering Winder,5807,6728,1.0,5875,6673,68,-55
2013-06-18 15:42:54,SM.SM,Troninho,6310,6700,1.0,6348,6660,38,-40
2013-06-18 15:46:46,SM.SM,Troninho,6348,6660,1.0,6385,6622,37,-38
2013-06-18 15:53:08,Robz888,Wandering Winder,5875,6673,1.0,5939,6620,64,-53
2013-06-18 16:11:15,SM.SM,Stef,6423,6726,0.0,6397,6764,-26,38
2013-06-18 16:22:07,nidzela,Troninho,5819,6672,0.0,5797,6696,-22,24
2013-06-18 16:24:25,Eevee,Robz888,6401,5999,0.0,6346,6055,-55,56
2013-06-18 16:30:17,Mic Qsenoch,Obi Wan Bonogi,6870,6235,1.0,6902,6199,32,-36
2013-06-18 16:32:27,SM.SM,Stef,6397,6764,1.0,6435,6718,38,-46
2013-06-18 16:34:06,Eevee,Robz888,6346,6055,0.0,6293,6109,-53,54
2013-06-18 16:35:42,dnkywin,Troninho,6075,6696,0.0,6045,6724,-30,28
2013-06-18 16:43:12,Mic Qsenoch,Stef,6902,6718,1.0,6941,6682,39,-36
2013-06-18 16:50:52,Eevee,Robz888,6293,6109,1.0,6343,6072,50,-37
2013-06-18 16:52:49,Wandering Winder,Warrior,6622,5833,1.0,6656,5785,34,-48
2013-06-18 17:13:24,SM.SM,Troninho,6459,6646,0.0,6431,6679,-28,33
2013-06-18 17:25:31,Andrew Iannaccone,SM.SM,6842,6431,1.0,6873,6405,31,-26
2013-06-18 17:29:00,Stealth Tomato,Troninho,6656,6679,0.0,6613,6715,-43,36
2013-06-18 17:37:33,Seth Shy,Warrior,5787,5785,0.0,5751,5807,-36,22
2013-06-18 17:55:06,SM.SM,Troninho,6380,6725,1.0,6417,6688,37,-37
2013-06-18 18:07:11,SM.SM,Troninho,6417,6688,0.0,6390,6719,-27,31
2013-06-18 20:59:28,A Drowned Kernel,Jeebus,5785,6362,0.0,5754,6403,-31,41
2013-06-18 21:07:41,Seth Shy,Stealth Tomato,5751,6415,1.0,5790,6368,39,-47
2013-06-18 21:16:01,SM.SM,Stealth Tomato,6480,6368,1.0,6511,6332,31,-36
2013-06-18 21:51:11,A Drowned Kernel,astrosity,5829,5973,1.0,5878,5919,49,-54
2013-06-18 22:03:13,ChiChi,SM.SM,5763,6511,1.0,5844,6475,81,-36
2013-06-18 22:12:13,astrosity,Lucidity,5844,5951,1.0,5905,5899,61,-52
2013-06-18 22:21:04,ChiChi,SM.SM,5844,6475,0.0,5800,6501,-44,26
2013-06-19 01:07:01,Dumbassador,SM.SM,5744,6512,1.0,5833,6477,89,-35
2013-06-19 01:14:12,David Hunter,lightbulb,5745,6108,1.0,5829,6076,84,-32
2013-06-19 01:40:17,BingUpBingDown,Geronimoo,5852,6381,1.0,5935,6344,83,-37
2013-06-19 01:48:26,Geronimoo,LESPEUTERE,6344,6618,0.0,6314,6656,-30,38
2013-06-19 02:09:53,SM.SM,Tom Collett,6438,5883,0.0,6403,5937,-35,54
2013-06-19 02:25:23,artibunkulus,Lekkit,5781,6115,0.0,5754,6152,-27,37
2013-06-19 02:37:18,Geronimoo,LESPEUTERE,6189,6655,1.0,6231,6609,42,-46
2013-06-19 02:52:52,Dumbassador,SM.SM,5743,6424,1.0,5779,6389,36,-35
2013-06-19 03:49:06,MarkowKette,SM.SM,6112,6452,1.0,6180,6419,68,-33
2013-06-19 05:25:26,LESPEUTERE,Perna,6601,5777,0.0,6546,5742,-55,-35
2013-06-19 06:22:27,Alucard2004,RTT,5755,6484,1.0,5751,6441,-4,-43
2013-06-19 06:24:28,dudeabides,LESPEUTERE,6360,6651,0.0,6322,6690,-38,39
2013-06-19 07:20:11,Alucard2004,TrickStaR,5743,6133,1.0,5799,6060,56,-73
2013-06-19 08:11:02,LESPEUTERE,TrickStaR,6647,6110,1.0,6683,6063,36,-47
2013-06-19 08:39:28,LESPEUTERE,Stef,6639,6661,0.0,6602,6707,-37,46
2013-06-19 08:58:59,Obi Wan Bonogi,theParty,6463,5824,1.0,6503,5799,40,-25
2013-06-19 09:47:13,Geronimoo,LESPEUTERE,6273,6602,1.0,6313,6560,40,-42
2013-06-19 09:51:45,MarkowKette,RTT,6180,6539,0.0,6133,6571,-47,32
2013-06-19 09:51:53,Eevee,kn1tt3r,6385,5960,1.0,6431,5920,46,-40
2013-06-19 09:58:43,dudeabides,LESPEUTERE,6357,6579,0.0,6318,6616,-39,37
2013-06-19 10:14:01,dudeabides,LESPEUTERE,6318,6616,1.0,6370,6576,52,-40
2013-06-19 10:21:06,GwinnR,Sargeras,6023,6044,1.0,6131,6009,108,-35
2013-06-19 10:33:01,dudeabides,LESPEUTERE,6420,6539,0.0,6381,6576,-39,37
2013-06-19 10:38:11,Geronimoo,lightbulb,6344,5986,0.5,6340,5997,-4,11
2013-06-19 10:43:18,dudeabides,LESPEUTERE,6381,6576,1.0,6429,6539,48,-37
2013-06-19 10:45:48,Geronimoo,lightbulb,6340,5997,1.0,6370,5968,30,-29
2013-06-19 10:55:01,dnkywin,Wandering Winder,6149,6731,1.0,6204,6682,55,-49
2013-06-19 11:01:45,dudeabides,LESPEUTERE,6429,6539,1.0,6475,6503,46,-36
2013-06-19 11:12:04,Davio,yed,6080,6267,1.0,6167,6236,87,-31
2013-06-19 11:14:07,lightbulb,RTT,6000,6571,1.0,6043,6531,43,-40
2013-06-19 11:21:08,LESPEUTERE,Obi Wan Bonogi,6467,6430,1.0,6505,6386,38,-44
2013-06-19 11:23:20,Andrew Iannaccone,SM.SM,6875,6477,0.0,6832,6515,-43,38
2013-06-19 11:29:10,LESPEUTERE,Obi Wan Bonogi,6505,6386,0.0,6470,6437,-35,51
2013-06-19 11:35:05,Alucard2004,flyingkuyt,5799,6259,1.0,5851,6222,52,-37
2013-06-19 11:41:02,LESPEUTERE,Obi Wan Bonogi,6470,6437,0.0,6436,6486,-34,49
2013-06-19 12:00:02,Andrew Iannaccone,SheCantSayNo,6739,6537,1.0,6775,6507,36,-30
2013-06-19 12:10:54,Davio,Perna,6055,5792,1.0,6124,5765,69,-27
2013-06-19 12:35:21,Andrew Iannaccone,SheCantSayNo,6844,6450,1.0,6876,6422,32,-28
2013-06-19 12:38:07,LESPEUTERE,p4ddy0d00rs,6413,5931,0.0,6373,5985,-40,54
2013-06-19 12:38:21,RTT,SM.SM,6461,6536,1.0,6496,6504,35,-32
2013-06-19 12:47:18,Andrew Iannaccone,SheCantSayNo,6876,6422,0.0,6834,6464,-42,42
2013-06-19 12:53:10,Obi Wan Bonogi,RTT,6526,6496,1.0,6571,6466,45,-30
2013-06-19 12:55:10,Rabid,Stef,6362,6751,1.0,6414,6705,52,-46
2013-06-19 12:57:00,Andrew Iannaccone,SheCantSayNo,6834,6464,0.0,6794,6504,-40,40
2013-06-19 13:25:24,Rabid,Stef,6464,6661,1.0,6511,6618,47,-43
2013-06-19 13:29:03,faust,flyingkuyt,5813,6093,1.0,5895,6062,82,-31
2013-06-19 13:34:25,Andrew Iannaccone,SheCantSayNo,6789,6513,0.0,6750,6551,-39,38
2013-06-19 13:39:19,Psyduck,SM.SM,5846,6493,1.0,5845,6461,-1,-32
2013-06-19 13:42:04,Rabid,Stef,6511,6618,1.0,6557,6578,46,-40
2013-06-19 13:46:24,Alucard2004,flyingkuyt,5851,6062,0.0,5814,6093,-37,31
2013-06-19 13:51:34,PitrPicko,yed,6225,6283,0.0,6184,6317,-41,34
2013-06-19 13:52:34,Rabid,Stef,6557,6578,1.0,6600,6539,43,-39
2013-06-19 13:56:55,Alucard2004,Obi Wan Bonogi,5814,6634,1.0,5873,6580,59,-54
2013-06-19 14:01:57,Andrew Iannaccone,SheCantSayNo,6712,6588,1.0,6747,6558,35,-30
2013-06-19 14:02:49,Andrew Iannaccone,SheCantSayNo,6747,6558,0.0,6710,6594,-37,36
2013-06-19 14:03:00,PitrPicko,yed,6184,6317,1.0,6231,6284,47,-33
2013-06-19 14:06:54,Andrew Iannaccone,SheCantSayNo,6710,6594,0.0,6675,6629,-35,35
2013-06-19 14:22:11,flyingkuyt,SM.SM,6072,6484,1.0,6111,6448,39,-36
2013-06-19 15:26:05,Mic Qsenoch,SM.SM,6998,6385,1.0,7030,6362,32,-23
2013-06-19 15:39:15,Mic Qsenoch,Obi Wan Bonogi,7030,6656,0.0,6986,6707,-44,51
2013-06-19 15:39:18,Wandering Winder,wicket,6872,5936,0.0,6824,6040,-48,104
2013-06-19 15:52:19,Mic Qsenoch,Wandering Winder,6986,6824,1.0,7026,6790,40,-34
2013-06-19 16:03:58,Tom Collett,Wandering Winder,5839,6790,0.0,5812,6817,-27,27
2013-06-19 16:51:44,faust,Gorling,5935,6198,1.0,6023,6107,88,-91
2013-06-19 17:04:46,faust,SM.SM,6023,6316,1.0,6102,6286,79,-30
2013-06-19 17:07:56,Jeebus,nidzela,6380,5768,1.0,6421,5744,41,-24
2013-06-19 17:16:56,lightbulb,SM.SM,6043,6286,0.0,6013,6314,-30,28
2013-06-19 17:57:27,Mic Qsenoch,Obi Wan Bonogi,7013,6723,0.0,6972,6770,-41,47
2013-06-19 18:23:01,p4ddy0d00rs,SM.SM,5978,6313,1.0,6027,6280,49,-33
2013-06-19 18:29:15,Emeric,Qvist,6037,5952,1.0,6073,5892,36,-60
2013-06-19 18:35:17,p4ddy0d00rs,SM.SM,5979,6280,1.0,6026,6248,47,-32
2013-06-19 18:51:14,Andrew Iannaccone,Qvist,6646,5892,1.0,6674,5848,28,-44
2013-06-19 18:54:25,David Hunter,SM.SM,5967,6248,1.0,6054,6218,87,-30
2013-06-19 19:03:31,Andrew Iannaccone,Qvist,6674,5848,1.0,6702,5807,28,-41
2013-06-19 19:55:02,Qvist,Robz888,5855,6111,0.0,5805,6154,-50,43
2013-06-19 20:05:42,jaybeez,p4ddy0d00rs,6230,5994,0.0,6179,6039,-51,45
2013-06-19 21:34:09,eliegel,SM.SM,6498,6283,1.0,6544,6257,46,-26
2013-06-19 21:42:02,dscarpac,SM.SM,5748,6257,1.0,5771,6221,23,-36
2013-06-19 21:50:22,dscarpac,jaybeez,5771,6224,0.5,5787,6216,16,-8
2013-06-19 21:55:33,Andrew Iannaccone,eliegel,6637,6544,1.0,6673,6500,36,-44
2013-06-19 22:05:30,dscarpac,Obi Wan Bonogi,5832,6821,1.0,5885,6768,53,-53
2013-06-19 22:12:00,Andrew Iannaccone,eliegel,6673,6500,0.0,6639,6553,-34,53
2013-06-19 22:18:40,jaybeez,Obi Wan Bonogi,6163,6768,0.0,6129,6801,-34,33
2013-06-19 23:10:41,Robz888,SM.SM,6190,6192,1.0,6233,6163,43,-29
2013-06-19 23:18:06,Andrew Iannaccone,eliegel,6641,6561,0.0,6608,6610,-33,49
2013-06-20 00:07:06,Fabian,Robz888,6273,6252,0.0,6228,6296,-45,44
2013-06-20 00:12:22,Davio,Lekkit,5962,6215,0.0,5903,6256,-59,41
2013-06-20 00:55:12,nomnomnom,Qvist,6263,6034,0.0,6055,6107,-208,73
2013-06-20 01:02:13,Kazuhiro Kobayashi,p4ddy0d00rs,6087,6120,0.0,5812,6170,-275,50
2013-06-20 01:08:12,nomnomnom,Qvist,5883,6173,1.0,6070,6134,187,-39
2013-06-20 01:17:34,Darter,p4ddy0d00rs,5809,6199,0.0,5769,6233,-40,34
2013-06-20 01:28:28,Darter,p4ddy0d00rs,5769,6233,1.0,5830,6193,61,-40
2013-06-20 01:39:57,Darter,p4ddy0d00rs,5830,6193,1.0,5888,6154,58,-39
2013-06-20 01:57:09,iriho,lightbulb,6109,6059,1.0,6163,6030,54,-29
2013-06-20 02:25:02,Lagrangian,Qvist,5772,6214,1.0,5774,6161,2,-53
2013-06-20 02:26:44,RTT,SM.SM,6562,6103,0.0,6524,6139,-38,36
2013-06-20 02:27:16,Darter,Lekkit,5947,6284,0.0,5909,6321,-38,37
2013-06-20 02:35:20,RTT,SM.SM,6524,6139,0.0,6488,6174,-36,35
2013-06-20 02:52:54,RTT,SM.SM,6452,6209,1.0,6481,6182,29,-27
2013-06-20 05:23:01,SheCantSayNo,SM.SM,6638,6068,0.0,6597,6108,-41,40
2013-06-20 05:36:35,Lekkit,Piemaster,6315,5731,0.0,6270,5763,-45,32
2013-06-20 06:08:07,dudeabides,SheCantSayNo,6392,6625,0.0,6353,6658,-39,33
2013-06-20 06:18:08,GwinnR,Troninho,6137,6622,0.0,6066,6659,-71,37
2013-06-20 06:22:11,dudeabides,SheCantSayNo,6353,6658,1.0,6404,6623,51,-35
2013-06-20 06:27:08,dudeabides,SheCantSayNo,6404,6623,1.0,6453,6588,49,-35
2013-06-20 06:36:18,lightbulb,nidzela,6042,5755,0.0,6003,5746,-39,-9
2013-06-20 06:40:03,dudeabides,SheCantSayNo,6453,6588,1.0,6500,6555,47,-33
2013-06-20 06:54:49,dudeabides,SheCantSayNo,6460,6590,1.0,6506,6557,46,-33
2013-06-20 07:25:23,PitrPicko,SheCantSayNo,6140,6620,0.0,6106,6649,-34,29
2013-06-20 07:40:36,LESPEUTERE,Troninho,6346,6759,0.0,6317,6791,-29,32
2013-06-20 07:47:25,Lagrangian,nidzela,5853,5796,1.0,5897,5764,44,-32
2013-06-20 07:55:56,LESPEUTERE,Troninho,6317,6791,1.0,6362,6750,45,-41
2013-06-20 08:16:00,MarkowKette,Qvist,6130,6211,1.0,6196,6166,66,-45
2013-06-20 08:21:16,Lagrangian,Masschy,5897,5993,0.0,5861,6055,-36,62
2013-06-20 08:25:12,LESPEUTERE,Troninho,6333,6782,0.0,6304,6813,-29,31
2013-06-20 08:29:12,Alucard2004,lightbulb,5894,6026,1.0,5942,5993,48,-33
2013-06-20 08:29:33,flyingkuyt,p4ddy0d00rs,6176,6083,0.0,6142,6124,-34,41
2013-06-20 08:34:04,MarkowKette,Qvist,6258,6123,0.0,6203,6179,-55,56
2013-06-20 08:38:30,dudeabides,Stef,6467,6475,1.0,6511,6435,44,-40
2013-06-20 08:42:33,Alucard2004,p4ddy0d00rs,5942,6124,0.0,5904,6162,-38,38
2013-06-20 09:10:10,p4ddy0d00rs,TrickStaR,6188,6169,1.0,6230,6111,42,-58
2013-06-20 09:19:14,Darter,flyingkuyt,5785,6201,1.0,5842,6165,57,-36
2013-06-20 09:41:10,Darter,flyingkuyt,5803,6196,0.0,5765,6226,-38,30
2013-06-20 10:16:00,Lagrangian,Stef,5863,6475,0.0,5833,6509,-30,34
2013-06-20 10:19:12,dudeabides,RTT,6534,6483,0.0,6496,6518,-38,35
2013-06-20 10:24:16,Darter,flyingkuyt,5784,6219,0.0,5748,6248,-36,29
2013-06-20 10:29:17,dudeabides,RTT,6496,6518,1.0,6536,6486,40,-32
2013-06-20 10:31:10,Obi Wan Bonogi,SM.SM,6861,6082,0.0,6810,6126,-51,44
2013-06-20 10:33:19,Darter,flyingkuyt,5748,6248,1.0,5803,6212,55,-36
2013-06-20 10:43:04,Andrew Iannaccone,sami1,6552,5707,0.0,6513,5791,-39,84
2013-06-20 10:50:29,Darter,flyingkuyt,5803,6212,0.0,5767,6241,-36,29
2013-06-20 10:51:05,Davio,lightbulb,5876,5953,0.0,5808,5990,-68,37
2013-06-20 10:53:44,Darter,flyingkuyt,5767,6241,1.0,5821,6205,54,-36
2013-06-20 11:24:18,Alucard2004,Booyakasha,5853,6005,0.0,5818,6047,-35,42
2013-06-20 11:35:29,flyingkuyt,yudai214,6216,6166,0.0,6186,6213,-30,47
2013-06-20 11:42:27,Andrew Iannaccone,p4ddy0d00rs,6508,6242,0.0,6471,6285,-37,43
2013-06-20 11:44:17,flyingkuyt,yudai214,6186,6213,0.0,6156,6257,-30,44
2013-06-20 11:53:52,flyingkuyt,yudai214,6156,6257,0.0,6127,6300,-29,43
2013-06-20 12:03:07,flyingkuyt,yudai214,6127,6300,0.0,6099,6341,-28,41
2013-06-20 12:16:00,flyingkuyt,yudai214,6099,6341,1.0,6136,6297,37,-44
2013-06-20 12:24:27,flyingkuyt,yudai214,6136,6297,0.0,6107,6337,-29,40
2013-06-20 12:28:24,Alucard2004,Troninho,5888,6792,0.0,5862,6816,-26,24
2013-06-20 12:38:32,flyingkuyt,yudai214,6107,6337,1.0,6144,6293,37,-44
2013-06-20 12:48:25,flyingkuyt,yudai214,6144,6293,1.0,6179,6251,35,-42
2013-06-20 12:50:10,Johannes Dorn,TrickStaR,5803,6159,0.0,5772,6214,-31,55
2013-06-20 12:52:52,Rabid,Troninho,6676,6816,1.0,6723,6782,47,-34
2013-06-20 12:56:54,flyingkuyt,yudai214,6179,6251,1.0,6212,6210,33,-41
2013-06-20 13:09:11,PitrPicko,TrickStaR,6106,6106,0.0,6068,6167,-38,61
2013-06-20 13:25:31,PitrPicko,TrickStaR,6068,6167,0.0,6032,6224,-36,57
2013-06-20 13:37:02,dudeabides,Geronimoo,6554,6282,1.0,6589,6253,35,-29
2013-06-20 13:44:51,Troninho,yudai214,6811,6185,0.0,6770,6237,-41,52
2013-06-20 13:52:52,Troninho,yudai214,6770,6237,0.0,6731,6286,-39,49
2013-06-20 14:17:16,flyingkuyt,Rabid,6238,6617,0.0,6213,6653,-25,36
2013-06-20 14:30:39,Troninho,yudai214,6789,6225,0.5,6782,6242,-7,17
2013-06-20 14:37:48,Troninho,yudai214,6782,6242,0.0,6743,6290,-39,48
2013-06-20 14:56:49,Wandering Winder,yudai214,6795,6336,0.0,6750,6382,-45,46
2013-06-20 15:02:09,Mic Qsenoch,Troninho,7110,6678,1.0,7145,6652,35,-26
2013-06-20 15:26:28,Troninho,yudai214,6617,6425,0.0,6583,6466,-34,41
2013-06-20 15:27:32,Obi Wan Bonogi,RTT,6810,6417,0.0,6765,6456,-45,39
2013-06-20 15:30:41,PitrPicko,Stef,6067,6509,0.0,6035,6545,-32,36
2013-06-20 15:40:09,scott pilgrim,Troninho,5993,6583,0.0,5958,6610,-35,27
2013-06-20 15:44:12,PitrPicko,Stef,6035,6545,1.0,6087,6499,52,-46
2013-06-20 16:14:20,faust,SM.SM,6397,6192,0.0,6454,6166,57,-26
2013-06-20 16:24:18,eliegel,Emeric,6562,6079,0.0,6508,6124,-54,45
2013-06-20 16:27:10,Mic Qsenoch,SM.SM,7179,6204,0.0,7125,6249,-54,45
2013-06-20 16:31:04,PitrPicko,Wandering Winder,6164,6771,0.0,6134,6803,-30,32
2013-06-20 16:43:30,SheCantSayNo,Wandering Winder,6623,6803,1.0,6660,6763,37,-40
2013-06-20 17:04:15,Andrew Iannaccone,SheCantSayNo,6471,6660,0.0,6440,6691,-31,31
2013-06-20 17:18:26,Mic Qsenoch,SM.SM,7117,6157,1.0,7143,6138,26,-19
2013-06-20 17:37:42,Andrew Iannaccone,SheCantSayNo,6440,6691,1.0,6479,6657,39,-34
2013-06-20 17:45:48,SM.SM,Twistedarcher,6170,6121,0.0,6140,6161,-30,40
2013-06-20 17:50:57,Andrew Iannaccone,SheCantSayNo,6479,6657,0.0,6448,6688,-31,31
2013-06-20 18:02:14,Mic Qsenoch,Semaj777,7143,5856,0.0,7091,5764,-52,-92
2013-06-20 18:12:09,Mic Qsenoch,Seth Shy,7091,5761,1.0,7113,5740,22,-21
2013-06-20 18:13:15,SM.SM,Twistedarcher,6140,6185,0.0,6111,6223,-29,38
2013-06-20 18:45:00,Mic Qsenoch,Obi Wan Bonogi,7134,6845,0.0,7093,6890,-41,45
2013-06-20 20:08:34,hiroki,Jeebus,6337,6361,0.5,6345,6367,8,6
2013-06-20 21:25:09,astrosity,SM.SM,5863,6142,0.0,5820,6171,-43,29
2013-06-20 21:55:23,Stealth Tomato,theParty,6218,5773,0.0,6174,5766,-44,-7
2013-06-20 22:43:23,Robz888,Stealth Tomato,6320,6174,0.0,6277,6215,-43,41
2013-06-20 23:28:16,Robz888,scott pilgrim,6302,6035,0.0,6259,6087,-43,52
2013-06-20 23:36:31,Lagrangian,SM.SM,5833,6171,0.0,5798,6199,-35,28
2013-06-21 00:11:21,Dumbassador,SM.SM,6134,6165,1.0,6185,6137,51,-28
2013-06-21 00:22:06,hiroki,SM.SM,6234,6137,1.0,6275,6109,41,-28
2013-06-21 02:02:03,flyingkuyt,hiroki,6236,6063,1.0,6266,6027,30,-36
2013-06-21 02:09:13,hiroki,SM.SM,6027,6143,0.0,5990,6173,-37,30
2013-06-21 02:15:02,DeasVail,flyingkuyt,5845,6266,1.0,6167,6245,322,-21
2013-06-21 02:18:16,hiroki,Lotoreo,5990,6224,1.0,6035,6183,45,-41
